t,lat,lon,y
17.85259121623827,0.689677378884369,0.7164123111545339,-0.19030254138330133
17.86216757899445,0.6770090546261294,0.709975166522667,-0.17392006688377531
17.871743941750623,0.6643407303678898,0.7035380218908002,-0.15775819446726563
17.8813203045068,0.6516724061096502,0.6971008772589333,-0.14181968420201652
17.89089666726298,0.6390040818514104,0.6906637326270664,-0.12610725386222782
17.900473030019153,0.6263357575931708,0.6842265879951995,-0.11062357856361527
17.91004939277533,0.6136674333349312,0.6777894433633327,-0.09537129040489256
17.91962575553151,0.6009991090766916,0.6713522987314658,-0.08035297811525166
17.929202118287687,0.588330784818452,0.664915154099599,-0.06557118670781614
17.93877848104386,0.5756624605602124,0.6584780094677322,-0.051028417139165616
17.94835484380004,0.5629941363019728,0.6520408648358653,-0.036727125974932995
17.957931206556218,0.5503258120437331,0.6456037202039985,-0.022669725061563173
17.967507569312392,0.5376574877854936,0.6391665755721316,-0.008858581204216787
17.97708393206857,0.5249891635272539,0.6327294309402647,0.0047039841491177126
17.98666029482475,0.5123208392690143,0.6262922863083978,0.018015695217234895
17.996236657580923,0.4996525150107747,0.619855141676531,0.03107432218906725
18.0058130203371,0.4869841907525351,0.6134179970446642,0.04387768152071492
18.01538938309328,0.47431586649429547,0.6069808524127973,0.056423636226095475
18.024965745849453,0.46164754223605586,0.6005437077809305,0.06871009616122392
18.03454210860563,0.4489792179778162,0.5941065631490636,0.08073501830206814
18.04411847136181,0.4363108937195766,0.5876694185171967,0.09249640701591766
18.053694834117987,0.423642569461337,0.5812322738853299,0.10399231432628908
18.06327119687416,0.41097424520309733,0.574795129253463,0.11522084017128897
18.07284755963034,0.3983059209448577,0.5683579846215961,0.1261801326554386
18.082423922386518,0.3856375966866181,0.5619208399897293,0.13686838829488623
18.092000285142692,0.3729692724283785,0.5554836953578625,0.1472838522560284
18.10157664789887,0.3603009481701389,0.5490465507259956,0.15742481858748575
18.11115301065505,0.34763262391189925,0.5426094060941287,0.16728963044538733
18.120729373411223,0.33496429965365965,0.5361722614622619,0.17687668031197767
18.1303057361674,0.32229597539542004,0.529735116830395,0.18618441020749738
18.13988209892358,0.3096276511371804,0.5232979721985281,0.19521131189529653
18.149458461679757,0.2969593268789408,0.5168608275666613,0.20395592708019294
18.15903482443593,0.28429100262070117,0.5104236829347945,0.21241684760002175
18.16861118719211,0.27162267836246157,0.5039865383029276,0.22059271561037433
18.178187549948287,0.25895435410422196,0.49754939367106077,0.22848222376247562
18.18776391270446,0.2462860298459823,0.49111224903919387,0.2360841153742144
18.19734027546064,0.2336177055877427,0.48467510440732703,0.24339718459428888
18.206916638216818,0.2209493813295031,0.4782379597754602,0.250420276559431
18.216493000972992,0.20828105707126343,0.4718008151435933,0.25715228754472563
18.22606936372917,0.19561273281302383,0.46536367051172645,0.2635921651069874
18.235645726485348,0.18294440855478422,0.4589265258798596,0.269738908221165
18.245222089241523,0.17027608429654462,0.45248938124799276,0.27559156740978774
18.2547984519977,0.157607760038305,0.4460522366161259,0.2811492448654206
18.26437481475388,0.1449394357800654,0.439615091984259,0.2864110945661039
18.273951177510057,0.1322711115218257,0.4331779473523922,0.2913763223837895
18.28352754026623,0.11960278726358609,0.42674080272052534,0.29604418618573836
18.29310390302241,0.10693446300534648,0.42030365808865844,0.3004139959288842
18.302680265778587,0.09426613874710688,0.4138665134567916,0.30448511374713194
18.31225662853476,0.08159781448886727,0.40742936882492475,0.30825695403160336
18.32183299129094,0.06892949023062767,0.4009922241930579,0.31172898350380995
17.49338803613401,0.4387560057030486,0.9349997609238162,-0.22954863940982315
17.501333699204025,0.4474516896690557,0.930888115420054,-0.23092902652893707
17.50927936227404,0.45614737363506275,0.9267764699162919,-0.23232805843975515
17.517225025344054,0.4648430576010698,0.9226648244125297,-0.23374446029735704
17.525170688414068,0.47353874156707687,0.9185531789087676,-0.23517695413756642
17.533116351484082,0.48223442553308393,0.9144415334050054,-0.23662425903266962
17.541062014554097,0.490930109499091,0.9103298879012433,-0.23808509124744423
17.54900767762411,0.499625793465098,0.9062182423974812,-0.2395581643954827
17.556953340694125,0.5083214774311051,0.902106596893719,-0.24104218959579793
17.564899003764143,0.5170171613971122,0.8979949513899569,-0.24253587562968987
17.572844666834158,0.5257128453631192,0.8938833058861947,-0.2440379290978833
17.580790329904172,0.5344085293291263,0.8897716603824326,-0.24554705457786508
17.588735992974186,0.5431042132951334,0.8856600148786704,-0.24706195478148024
17.5966816560442,0.5517998972611403,0.8815483693749082,-0.2485813307127176
17.604627319114215,0.5604955812271474,0.8774367238711461,-0.25010388182569054
17.61257298218423,0.5691912651931544,0.8733250783673839,-0.2516283061827974
17.620518645254243,0.5778869491591615,0.8692134328636218,-0.253153300613043
17.628464308324258,0.5865826331251686,0.8651017873598597,-0.25467756087050986
17.636409971394272,0.5952783170911756,0.8609901418560975,-0.2561997817929623
17.644355634464286,0.6039740010571827,0.8568784963523354,-0.2577186574605693
17.6523012975343,0.6126696850231897,0.8527668508485732,-0.25923288135473105
17.660246960604315,0.6213653689891968,0.8486552053448111,-0.2607411465169943
17.66819262367433,0.6300610529552039,0.8445435598410489,-0.26224214570804244
17.676138286744344,0.6387567369212109,0.8404319143372867,-0.2637345715667437
17.684083949814358,0.647452420887218,0.8363202688335246,-0.26521711676924487
17.692029612884376,0.6561481048532251,0.8322086233297624,-0.2666884741880901
17.69997527595439,0.6648437888192321,0.8280969778260003,-0.2681473370513726
17.707920939024405,0.6735394727852392,0.8239853323222381,-0.2695923991018498
17.71586660209442,0.6822351567512462,0.8198736868184759,-0.2710223547560795
17.723812265164433,0.6909308407172532,0.8157620413147139,-0.2724358992635083
17.731757928234448,0.6996265246832603,0.8116503958109517,-0.27383172886551777
17.739703591304462,0.7083222086492673,0.8075387503071896,-0.27520854095441166
17.747649254374476,0.7170178926152744,0.8034271048034274,-0.27656503423232814
17.75559491744449,0.7257135765812814,0.7993154592996652,-0.2778999088700619
17.763540580514505,0.7344092605472885,0.7952038137959031,-0.27921186666578285
17.77148624358452,0.7431049445132956,0.7910921682921409,-0.2804996112036345
17.779431906654533,0.7518006284793026,0.7869805227883788,-0.2817618480121986
17.787377569724548,0.7604963124453097,0.7828688772846166,-0.2829972847228112
17.795323232794562,0.7691919964113167,0.7787572317808544,-0.28420463122771406
17.803268895864576,0.7778876803773238,0.7746455862770923,-0.2853825998380274
17.81121455893459,0.7865833643433309,0.7705339407733302,-0.28652990544153084
17.819160222004605,0.7952790483093379,0.7664222952695681,-0.2876452656602331
17.827105885074623,0.803974732275345,0.7623106497658059,-0.28872740100771815
17.835051548144637,0.8126704162413521,0.7581990042620437,-0.28977503504627017
17.84299721121465,0.8213661002073591,0.7540873587582816,-0.29078689454370893
17.850942874284666,0.8300617841733662,0.7499757132545194,-0.291761709629996
17.85888853735468,0.8387574681393732,0.7458640677507573,-0.29269821395353945
17.866834200424695,0.8474531521053803,0.7417524222469951,-0.2935951448372074
17.87477986349471,0.8561488360713874,0.7376407767432329,-0.2944512434340274
17.882725526564723,0.8648445200373944,0.7335291312394708,-0.2952652548825626
16.77799901096998,0.21871939454075728,0.9086024419573703,-0.6280780750504557
16.78567580137123,0.2326062433670124,0.9092180570367395,-0.6352710096349341
16.793352591772482,0.2464930921932675,0.9098336721161089,-0.6425191021851225
16.80102938217373,0.26037994101952266,0.9104492871954781,-0.6498204466934148
16.80870617257498,0.27426678984577774,0.9110649022748475,-0.6571731286441023
16.81638296297623,0.28815363867203286,0.9116805173542167,-0.6645752252136791
16.82405975337748,0.302040487498288,0.9122961324335861,-0.6720248054719479
16.831736543778728,0.3159273363245431,0.9129117475129553,-0.6795199305838869
16.83941333417998,0.32981418515079824,0.9135273625923247,-0.6870586540123071
16.84709012458123,0.3437010339770533,0.914142977671694,-0.6946390217212575
16.854766914982477,0.35758788280330844,0.9147585927510632,-0.7022590723801423
16.86244370538373,0.37147473162956357,0.9153742078304326,-0.7099168375685738
16.870120495784978,0.3853615804558187,0.9159898229098018,-0.7176103419819246
16.87779728618623,0.3992484292820738,0.9166054379891712,-0.7253376036375346
16.885474076587478,0.41313527810832895,0.9172210530685404,-0.7330966340816176
16.893150866988726,0.4270221269345841,0.9178366681479098,-0.7408854385967786
16.90082765738998,0.4409089757608392,0.918452283227279,-0.7487020164101803
16.908504447791227,0.45479582458709433,0.9190678983066484,-0.756544360902323
16.916181238192475,0.4686826734133494,0.9196835133860176,-0.7644104598163937
16.923858028593727,0.48256952223960453,0.920299128465387,-0.7722982954682116
16.931534818994976,0.49645637106585966,0.9209147435447562,-0.780205844956732
16.939211609396224,0.5103432198921147,0.9215303586241255,-0.7881310803750672
16.946888399797476,0.5242300687183699,0.9221459737034948,-0.7960719690220508
16.954565190198725,0.538116917544625,0.9227615887828641,-0.804026473614305
16.962241980599973,0.5520037663708801,0.9233772038622334,-0.8119925524987739
16.969918771001225,0.5658906151971352,0.9239928189416027,-0.8199681598657429
16.977595561402474,0.5797774640233904,0.924608434020972,-0.8279512459623118
16.985272351803722,0.5936643128496455,0.9252240491003413,-0.8359397573062748
16.992949142204974,0.6075511616759006,0.9258396641797106,-0.8439316369004362
17.000625932606223,0.6214380105021557,0.9264552792590799,-0.8519248244473245
17.00830272300747,0.6353248593284109,0.9270708943384491,-0.8599172565642573
17.015979513408723,0.649211708154666,0.9276865094178185,-0.8679068669987907
17.02365630380997,0.6630985569809211,0.9283021244971877,-0.8758915868445084
17.03133309421122,0.6769854058071763,0.9289177395765571,-0.8838693447571115
17.039009884612472,0.6908722546334314,0.9295333546559263,-0.8918380671708342
17.04668667501372,0.7047591034596865,0.9301489697352957,-0.8997956785151469
17.05436346541497,0.7186459522859415,0.930764584814665,-0.9077401014317024
17.06204025581622,0.7325328011121967,0.9313801998940343,-0.9156692569915563
17.06971704621747,0.7464196499384518,0.9319958149734036,-0.9235810649126175
17.07739383661872,0.7603064987647069,0.9326114300527729,-0.9314734437772842
17.08507062701997,0.774193347590962,0.9332270451321422,-0.9393443112503149
17.09274741742122,0.7880801964172172,0.9338426602115114,-0.9471915842968349
17.10042420782247,0.8019670452434723,0.9344582752908808,-0.9550131794005262
17.10810099822372,0.8158538940697274,0.93507389037025,-0.9628070127819564
17.115777788624968,0.8297407428959825,0.9356895054496194,-0.9705710006170034
17.12345457902622,0.8436275917222376,0.9363051205289886,-0.978303059255406
17.131131369427468,0.8575144405484927,0.936920735608358,-0.9860011054393991
17.138808159828717,0.8714012893747478,0.9375363506877272,-0.9936630565223862
17.14648495022997,0.8852881382010029,0.9381519657670966,-1.0012868306876848
17.154161740631217,0.8991749870272581,0.9387675808464658,-1.0088703471672993
15.548188047751363,0.7726900474533202,0.9238104620005285,-0.7891118299315816
15.554004753627234,0.7772396706614976,0.9236213489357592,-0.7935060589342381
15.559821459503107,0.781789293869675,0.9234322358709898,-0.7979254044056512
15.565638165378978,0.7863389170778524,0.9232431228062205,-0.8023697757989594
15.57145487125485,0.7908885402860297,0.923054009741451,-0.8068390799604386
15.577271577130722,0.7954381634942072,0.9228648966766817,-0.8113332211307069
15.583088283006594,0.7999877867023846,0.9226757836119124,-0.8158521009461005
15.588904988882465,0.804537409910562,0.922486670547143,-0.8203956184401717
15.594721694758338,0.8090870331187394,0.9222975574823736,-0.8249636700453621
15.600538400634209,0.8136366563269168,0.9221084444176042,-0.829556149594796
15.60635510651008,0.8181862795350943,0.9219193313528349,-0.8341729483242468
15.612171812385952,0.8227359027432716,0.9217302182880656,-0.8388139548742352
15.617988518261823,0.827285525951449,0.9215411052232961,-0.8434790552922735
15.623805224137696,0.8318351491596264,0.9213519921585268,-0.8481681330352776
15.629621930013567,0.8363847723678038,0.9211628790937574,-0.8528810689720967
15.63543863588944,0.8409343955759813,0.9209737660289881,-0.8576177413862226
15.64125534176531,0.8454840187841587,0.9207846529642186,-0.8623780259786167
15.647072047641183,0.8500336419923361,0.9205955398994493,-0.8671617958707123
15.652888753517054,0.8545832652005134,0.92040642683468,-0.8719689216075369
15.658705459392927,0.8591328884086908,0.9202173137699106,-0.8767992711610105
15.664522165268798,0.8636825116168683,0.9200282007051412,-0.8816527099333629
15.670338871144669,0.8682321348250457,0.9198390876403718,-0.8865291007607232
15.676155577020541,0.8727817580332231,0.9196499745756025,-0.8914283039168419
15.681972282896412,0.8773313812414005,0.9194608615108332,-0.8963501771169572
15.687788988772285,0.881881004449578,0.9192717484460637,-0.9012945755218271
15.693605694648156,0.8864306276577554,0.9190826353812944,-0.9062613517418839
15.699422400524028,0.8909802508659327,0.918893522316525,-0.9112503558415586
15.7052391063999,0.8955298740741101,0.9187044092517557,-0.9162614353437301
15.711055812275772,0.9000794972822875,0.9185152961869864,-0.9212944352343438
15.716872518151643,0.904629120490465,0.9183261831222169,-0.9263491979671523
15.722689224027514,0.9091787436986424,0.9181370700574476,-0.9314255634686256
15.728505929903386,0.9137283669068198,0.9179479569926782,-0.9365233691429918
15.734322635779257,0.9182779901149971,0.9177588439279089,-0.9416424498774244
15.74013934165513,0.9228276133231745,0.9175697308631395,-0.9467826380473897
15.745956047531001,0.927377236531352,0.9173806177983701,-0.9519437635221174
15.751772753406874,0.9319268597395294,0.9171915047336008,-0.9571256536702417
15.757589459282745,0.9364764829477068,0.9170023916688314,-0.9623281333655613
15.763406165158617,0.9410261061558842,0.916813278604062,-0.9675510249929722
15.769222871034488,0.9455757293640616,0.9166241655392926,-0.9727941484545158
15.77503957691036,0.9501253525722391,0.9164350524745233,-0.9780573211756025
15.780856282786232,0.9546749757804165,0.916245939409754,-0.9833403581113497
15.786672988662103,0.9592245989885938,0.9160568263449845,-0.9886430717530893
15.792489694537975,0.9637742221967712,0.9158677132802152,-0.9939652721350052
15.798306400413846,0.9683238454049486,0.9156786002154458,-0.9993067668409114
15.804123106289719,0.9728734686131261,0.9154894871506765,-1.0046673610111916
15.80993981216559,0.9774230918213035,0.9153003740859071,-1.010046857349858
15.815756518041463,0.9819727150294808,0.9151112610211377,-1.015445056131777
15.821573223917333,0.9865223382376582,0.9149221479563684,-1.0208617552100148
15.827389929793206,0.9910719614458356,0.914733034891599,-1.0262967500233482
15.833206635669077,0.9956215846540131,0.9145439218268296,-1.0317498336038946
17.108438786843017,0.17167041274935146,0.1292168283270564,-0.19108847925410524
17.116746048988663,0.18569076213685892,0.14249087955433876,-0.2062436389360091
17.125053311134312,0.1997111115243664,0.15576493078162115,-0.22120448862086556
17.13336057327996,0.21373146091187387,0.16903898200890355,-0.23596779682898492
17.141667835425608,0.22775181029938135,0.18231303323618592,-0.2505303582919661
17.149975097571254,0.2417721596868888,0.19558708446346829,-0.26488899432478413
17.1582823597169,0.25579250907439627,0.20886113569075068,-0.27904055319515675
17.16658962186255,0.2698128584619037,0.22213518691803308,-0.2929819104901681
17.174896884008195,0.28383320784941124,0.23540923814531545,-0.30670996948010754
17.18320414615384,0.2978535572369187,0.24868328937259782,-0.32022166147948344
17.19151140829949,0.31187390662442616,0.2619573405998802,-0.3335139462051877
17.199818670445136,0.32589425601193367,0.2752313918271626,-0.3465838121317713
17.208125932590786,0.33991460539944107,0.288505443054445,-0.35942827684378664
17.21643319473643,0.3539349547869486,0.30177949428172735,-0.3720443873851856
17.224740456882078,0.36795530417445604,0.31505354550900977,-0.38442922060571
17.233047719027727,0.3819756535619635,0.32832759673629214,-0.39657988350426593
17.241354981173373,0.395996002949471,0.3416016479635745,-0.40849351356923885
17.249662243319023,0.4100163523369784,0.3548756991908569,-0.4201672791157039
17.25796950546467,0.42403670172448593,0.36814975041813924,-0.43159837961952874
17.266276767610314,0.4380570511119934,0.38142380164542167,-0.4427840460482984
17.274584029755964,0.45207740049950085,0.39469785287270404,-0.4537215411890634
17.28289129190161,0.46609774988700836,0.4079719040999864,-0.4644081599728634
17.29119855404726,0.4801180992745158,0.42124595532726883,-0.47484122979598387
17.299505816192905,0.4941384486620233,0.4345200065545512,-0.485018110837948
17.30781307833855,0.5081587980495308,0.44779405778183357,-0.4949361963761678
17.3161203404842,0.5221791474370382,0.46106810900911593,-0.5045929130972635
17.324427602629846,0.5361994968245457,0.4743421602363983,-0.5139857214050051
17.332734864775492,0.5502198462120531,0.4876162114636807,-0.5231121157248275
17.341042126921142,0.5642401955995606,0.500890262690963,-0.5319696248049255
17.349349389066788,0.5782605449870681,0.5141643139182455,-0.5405558120138778
17.357656651212437,0.5922808943745757,0.5274383651455279,-0.5488682756347556
17.365963913358083,0.606301243762083,0.5407124163728103,-0.5569046491557338
17.37427117550373,0.6203215931495905,0.5539864676000926,-0.5646626015571167
17.38257843764938,0.634341942537098,0.5672605188273749,-0.5721398375947986
17.390885699795025,0.6483622919246055,0.5805345700546574,-0.579334098080116
17.399192961940674,0.662382641312113,0.5938086212819398,-0.5862431601560353
17.40750022408632,0.6764029906996204,0.6070826725092222,-0.5928648375697092
17.415807486231966,0.6904233400871279,0.6203567237365045,-0.5991969809413048
17.424114748377615,0.7044436894746353,0.633630774963787,-0.605237478029132
17.43242201052326,0.7184640388621428,0.6469048261910693,-0.6109842539910295
17.44072927266891,0.7324843882496502,0.6601788774183517,-0.6164352716419482
17.449036534814557,0.7465047376371577,0.6734529286456341,-0.6215885317077784
17.457343796960203,0.7605250870246653,0.6867269798729164,-0.6264420730753106
17.465651059105852,0.7745454364121727,0.7000010311001988,-0.6309939730383758
17.473958321251498,0.7885657857996802,0.7132750823274813,-0.6352423475401121
17.482265583397144,0.8025861351871876,0.7265491335547636,-0.6391853514113081
17.490572845542793,0.8166064845746951,0.739823184782046,-0.6428211786048492
17.49888010768844,0.8306268339622026,0.7530972360093283,-0.6461480624262215
17.50718736983409,0.84464718334971,0.7663712872366107,-0.6491642757600126
17.515494631979735,0.8586675327372175,0.7796453384638932,-0.6518681312924726
15.900605653737337,0.7005263662187325,0.5053750453848626,-0.6301444223309367
15.905957507160107,0.6873286639279194,0.5130974728046247,-0.6382728488876248
15.911309360582878,0.6741309616371063,0.520819900224387,-0.6462282309271986
15.916661214005648,0.6609332593462931,0.5285423276441491,-0.6540100577872527
15.922013067428418,0.6477355570554799,0.5362647550639114,-0.6616178282172612
15.92736492085119,0.6345378547646668,0.5439871824836735,-0.6690510504009022
15.93271677427396,0.6213401524738537,0.5517096099034356,-0.6763092419779886
15.93806862769673,0.6081424501830406,0.5594320373231979,-0.6833919300660067
15.943420481119501,0.5949447478922274,0.56715446474296,-0.6902986512812486
15.948772334542271,0.5817470456014142,0.5748768921627223,-0.6970289517595424
15.954124187965041,0.5685493433106011,0.5825993195824845,-0.7035823871765925
15.959476041387813,0.555351641019788,0.5903217470022466,-0.7099585227679067
15.964827894810583,0.5421539387289749,0.5980441744220089,-0.7161569333483246
15.970179748233353,0.5289562364381617,0.605766601841771,-0.7221772033311462
15.975531601656124,0.5157585341473485,0.6134890292615331,-0.7280189267468523
15.980883455078894,0.5025608318565353,0.6212114566812954,-0.7336817072614197
15.986235308501664,0.48936312956572225,0.6289338841010575,-0.7391651581942349
15.991587161924436,0.4761654272749091,0.6366563115208198,-0.7444689025355995
15.996939015347206,0.462967724984096,0.644378738940582,-0.7495925729638249
16.002290868769975,0.4497700226932828,0.6521011663603442,-0.7545358118619278
16.007642722192745,0.4365723204024697,0.6598235937801064,-0.7592982713339097
16.012994575615515,0.42337461811165655,0.6675460211998685,-0.7638796132206316
16.01834642903829,0.41017691582084337,0.6752684486196308,-0.7682795091152791
16.02369828246106,0.39697921353003024,0.6829908760393929,-0.7724976403784131
16.02905013588383,0.3837815112392171,0.690713303459155,-0.7765336981526183
16.0344019893066,0.370583808948404,0.6984357308789173,-0.7803873833767326
16.039753842729368,0.35738610665759085,0.7061581582986795,-0.7840584067996674
16.045105696152138,0.34418840436677767,0.7138805857184416,-0.787546488993817
16.05045754957491,0.33099070207596454,0.7216030131382039,-0.7908513603680531
16.05580940299768,0.3177929997851514,0.729325440557966,-0.7939727611803061
16.06116125642045,0.3045952974943382,0.7370478679777283,-0.7969104415497348
16.06651310984322,0.2913975952035251,0.7447702953974904,-0.7996641614684782
16.07186496326599,0.27819989291271197,0.7524927228172527,-0.8022336908129952
16.07721681668876,0.26500219062189884,0.7602151502370148,-0.8046188093549878
16.082568670111534,0.2518044883310857,0.767937577656777,-0.8068193067719083
16.087920523534304,0.23860678604027252,0.7756600050765392,-0.8088349826570521
16.093272376957074,0.2254090837494594,0.7833824324963014,-0.8106656465292311
16.098624230379844,0.21221138145864626,0.7911048599160635,-0.8123111178420328
16.103976083802614,0.19901367916783308,0.7988272873358258,-0.8137712259926607
16.109327937225384,0.18581597687702,0.8065497147555879,-0.8150458103303567
16.114679790648157,0.17261827458620682,0.81427214217535,-0.8161347201644065
16.120031644070927,0.15942057229539364,0.8219945695951123,-0.8170378147717279
16.125383497493697,0.14622287000458056,0.8297169970148746,-0.8177549634040353
16.130735350916467,0.13302516771376738,0.8374394244346367,-0.8182860452945908
16.136087204339237,0.1198274654229542,0.8451618518543988,-0.8186309496645343
16.141439057762007,0.10662976313214112,0.8528842792741611,-0.8187895757287926
16.14679091118478,0.09343206084132794,0.8606067066939233,-0.8187618327015692
16.15214276460755,0.08023435855051486,0.8683291341136854,-0.8185476398014192
16.15749461803032,0.06703665625970168,0.8760515615334477,-0.818146926255893
16.16284647145309,0.05383895396888849,0.8837739889532098,-0.8175596313057709
18.761389503765205,0.4409669681931647,0.20628790376662953,0.16665852395109432
18.771934256135246,0.4378115407560561,0.20996945422213484,0.1753876806182128
18.782479008505284,0.4346561133189475,0.21365100467764014,0.18403701154132646
18.793023760875325,0.4315006858818388,0.21733255513314545,0.1926046877157739
18.803568513245366,0.4283452584447302,0.22101410558865073,0.2010888960200772
18.814113265615408,0.4251898310076216,0.22469565604415603,0.2094878395132274
18.824658017985445,0.422034403570513,0.22837720649966134,0.21779973772939448
18.835202770355487,0.41887897613340436,0.23205875695516665,0.22602282697003662
18.845747522725528,0.4157235486962957,0.23574030741067195,0.23415536059334202
16.93458187872516,0.9700194620930188,0.15809315034358395,-0.9664751746476512
16.943524029935272,0.9648535717382967,0.16079255238594148,-0.9640423146687231
16.952466181145383,0.9596876813835745,0.16349195442829897,-0.9614563849231714
16.961408332355493,0.9545217910288525,0.1661913564706565,-0.9587182333423389
16.970350483565603,0.9493559006741303,0.168890758513014,-0.9558287260539458
16.979292634775714,0.9441900103194082,0.17159016055537152,-0.9527887472610844
16.988234785985824,0.939024119964686,0.17428956259772901,-0.9495991991192897
16.99717693719594,0.933858229609964,0.17698896464008654,-0.9462610016117005
17.00611908840605,0.9286923392552419,0.17968836668244403,-0.9427750924223253
17.01506123961616,0.9235264489005197,0.18238776872480156,-0.9391424268074319
17.02400339082627,0.9183605585457976,0.18508717076715905,-0.9353639774650656
17.03294554203638,0.9131946681910754,0.18778657280951658,-0.9314407344027202
17.04188769324649,0.9080287778363534,0.19048597485187407,-0.9273737048031715
17.0508298444566,0.9028628874816312,0.1931853768942316,-0.9231639128884901
17.05977199566671,0.8976969971269091,0.1958847789365891,-0.9188123997822485
17.06871414687682,0.8925311067721869,0.19858418097894662,-0.9143202233699393
17.077656298086932,0.8873652164174649,0.2012835830213041,-0.9096884581576159
17.086598449297043,0.8821993260627428,0.20398298506366164,-0.904918195128778
17.095540600507153,0.8770334357080206,0.20668238710601913,-0.9000105415995122
17.104482751717267,0.8718675453532985,0.20938178914837666,-0.8949666210719076
17.113424902927378,0.8667016549985764,0.21208119119073415,-0.8897875730857603
17.122367054137488,0.8615357646438543,0.21478059323309168,-0.8844745530685842
17.1313092053476,0.8563698742891321,0.21747999527544917,-0.8790287321839467
17.14025135655771,0.85120398393441,0.2201793973178067,-0.8734512971781423
17.14919350776782,0.8460380935796878,0.2228787993601642,-0.8677434502252243
17.15813565897793,0.8408722032249658,0.22557820140252172,-0.8619064087704119
17.16707781018804,0.8357063128702437,0.22827760344487924,-0.8559414053718859
17.17601996139815,0.8305404225155215,0.23097700548723674,-0.8498496875409964
17.18496211260826,0.8253745321607994,0.23367640752959423,-0.8436325175808967
17.19390426381837,0.8202086418060772,0.23637580957195176,-0.8372911724236202
17.202846415028482,0.8150427514513552,0.23907521161430928,-0.8308269434656222
17.211788566238596,0.809876861096633,0.24177461365666678,-0.8242411364017999
17.220730717448706,0.8047109707419109,0.24447401569902427,-0.8175350710580165
17.229672868658817,0.7995450803871889,0.2471734177413818,-0.8107100812221348
17.238615019868927,0.7943791900324667,0.24987281978373932,-0.8037675144735936
17.247557171079038,0.7892132996777446,0.25257222182609684,-0.7967087320115362
17.256499322289148,0.7840474093230224,0.2552716238684543,-0.7895351084815139
17.26544147349926,0.7788815189683003,0.25797102591081184,-0.7822480318007793
17.27438362470937,0.7737156286135782,0.26067042795316936,-0.7748489029821956
17.28332577591948,0.7685497382588561,0.2633698299955268,-0.7673391359567722
17.29226792712959,0.7633838479041339,0.26606923203788435,-0.7597201573948562
17.3012100783397,0.7582179575494118,0.2687686340802419,-0.7519934065259893
17.31015222954981,0.7530520671946896,0.2714680361225994,-0.7441603349574569
17.31909438075992,0.7478861768399676,0.2741674381649569,-0.7362224064915462
17.328036531970035,0.7427202864852455,0.2768668402073144,-0.7281810969415331
17.336978683180146,0.7375543961305233,0.2795662422496719,-0.7200378939464235
17.345920834390256,0.7323885057758013,0.28226564429202944,-0.7117942967844543
17.354862985600366,0.7272226154210791,0.2849650463343869,-0.7034518161853944
17.363805136810477,0.722056725066357,0.28766444837674443,-0.6950119741416521
17.372747288020587,0.7168908347116348,0.29036385041910195,-0.6864763037182129
18.410643066033114,0.6501886883267008,0.38963679347124136,0.07640341721089111
18.416651249702344,0.6534358708518058,0.400501352272182,0.08943310413711508
18.42265943337157,0.6566830533769108,0.4113659110731226,0.10254974999347288
18.4286676170408,0.6599302359020157,0.42223046987406315,0.1157522659955404
18.434675800710032,0.6631774184271207,0.43309502867500377,0.129039557025746
18.44068398437926,0.6664246009522257,0.4439595874759444,0.14241052169523866
18.44669216804849,0.6696717834773307,0.454824146276885,0.15586405240609774
18.45270035171772,0.6729189660024356,0.46568870507782556,0.1693990354138576
18.458708535386947,0.6761661485275405,0.4765532638787662,0.18301435089039325
18.464716719056177,0.6794133310526456,0.4874178226797068,0.19670887298713896
18.470724902725408,0.6826605135777505,0.4982823814806474,0.21048146989861205
18.476733086394635,0.6859076961028555,0.509146940281588,0.22433100392628783
18.482741270063865,0.6891548786279604,0.5200114990825286,0.23825633154280015
18.488749453733092,0.6924020611530655,0.5308760578834693,0.25225630345643146
18.494757637402323,0.6956492436781704,0.5417406166844099,0.26632976467596603
18.500765821071553,0.6988964262032753,0.5526051754853504,0.28047555457581175
18.50677400474078,0.7021436087283803,0.563469734286291,0.29469250696146343
18.51278218841001,0.7053907912534852,0.5743342930872316,0.30897945013527384
18.51879037207924,0.7086379737785903,0.5851988518881722,0.3233352069625013
18.52479855574847,0.7118851563036952,0.5960634106891128,0.33775859493768756
18.5308067394177,0.7151323388288002,0.6069279694900535,0.35224842625133235
18.53681492308693,0.7183795213539051,0.6177925282909941,0.3668035078568358
18.542823106756156,0.7216267038790101,0.6286570870919346,0.38142264153775973
18.548831290425387,0.7248738864041151,0.6395216458928752,0.3961046239753778
18.554839474094617,0.72812106892922,0.6503862046938158,0.41084824681648136
18.560847657763844,0.731368251454325,0.6612507634947564,0.4256522967414965
18.566855841433075,0.73461543397943,0.672115322295697,0.4405155555328785
18.572864025102305,0.737862616504535,0.6829798810966377,0.45543680014375243
18.578872208771532,0.7411097990296399,0.6938444398975783,0.47041480276685455
18.584880392440763,0.7443569815547448,0.7047089986985189,0.4854483309037416
18.590888576109993,0.7476041640798499,0.7155735574994595,0.5005361474342356
18.59689675977922,0.7508513466049548,0.7264381163004001,0.5156770106861598
18.60290494344845,0.7540985291300598,0.7373026751013407,0.5308696745053305
18.60891312711768,0.7573457116551647,0.7481672339022813,0.546112888325778
18.614921310786908,0.7605928941802698,0.759031792703222,0.5614053972402429
18.62092949445614,0.7638400767053747,0.7698963515041625,0.576745942070924
18.62693767812537,0.7670872592304796,0.7807609103051031,0.5921332594404399
18.632945861794596,0.7703344417555846,0.7916254691060437,0.6075660818430577
18.638954045463827,0.7735816242806896,0.8024900279069843,0.6230431377161643
18.644962229133053,0.7768288068057946,0.8133545867079248,0.6385631515119323
18.650970412802284,0.7800759893308995,0.8242191455088654,0.6541248437692715
18.656978596471514,0.7833231718560045,0.835083704309806,0.6697269311859517
18.66298678014074,0.7865703543811094,0.8459482631107467,0.685368126690986
18.668994963809972,0.7898175369062144,0.8568128219116873,0.7010471395172311
18.675003147479202,0.7930647194313194,0.8676773807126279,0.7167626752741743
18.68101133114843,0.7963119019564243,0.8785419395135685,0.7325134360209631
18.68701951481766,0.7995590844815293,0.8894064983145091,0.7482981203396428
18.69302769848689,0.8028062670066343,0.9002710571154497,0.7641154234085701
18.699035882156117,0.8060534495317393,0.9111356159163904,0.7799640370760571
18.705044065825348,0.8093006320568442,0.922000174717331,0.7958426499342149
15.433759062890152,0.7454999014130306,0.8161600042217104,-0.5838018958126754
15.441381483239718,0.7505551300760647,0.8140991692356142,-0.5876198798296611
15.449003903589286,0.7556103587390988,0.8120383342495181,-0.5914697894665698
15.456626323938853,0.7606655874021327,0.8099774992634219,-0.5953517848784963
15.464248744288419,0.7657208160651668,0.8079166642773258,-0.5992660204954681
15.471871164637987,0.7707760447282009,0.8058558292912296,-0.6032126449913894
15.479493584987553,0.775831273391235,0.8037949943051335,-0.6071918012535487
15.48711600533712,0.7808865020542691,0.8017341593190372,-0.6112036263526998
15.494738425686688,0.7859417307173031,0.7996733243329411,-0.6152482515136986
15.502360846036254,0.7909969593803372,0.7976124893468449,-0.6193258020867048
15.50998326638582,0.7960521880433713,0.7955516543607488,-0.6234363975189741
15.517605686735388,0.8011074167064054,0.7934908193746526,-0.6275801513272069
15.525228107084954,0.8061626453694395,0.7914299843885564,-0.6317571710704775
15.53285052743452,0.8112178740324736,0.7893691494024603,-0.6359675583237564
15.540472947784089,0.8162731026955076,0.7873083144163641,-0.640211408652002
15.548095368133655,0.8213283313585417,0.785247479430268,-0.644488811584838
15.555717788483221,0.8263835600215758,0.7831866444441717,-0.6487998505918326
15.56334020883279,0.8314387886846099,0.7811258094580756,-0.6531446030583569
15.570962629182356,0.836494017347644,0.7790649744719794,-0.657523140262032
15.578585049531922,0.8415492460106779,0.7770041394858833,-0.661935527349792
15.58620746988149,0.846604474673712,0.7749433044997871,-0.6663818233155268
15.593829890231056,0.8516597033367461,0.7728824695136909,-0.6708620809783271
15.601452310580623,0.8567149319997802,0.7708216345275948,-0.6753763469613481
15.60907473093019,0.8617701606628143,0.7687607995414986,-0.6799246616712608
15.616697151279757,0.8668253893258484,0.7666999645554025,-0.6845070592783147
15.624319571629323,0.8718806179888824,0.7646391295693062,-0.6891235676970218
15.631941991978891,0.8769358466519165,0.7625782945832101,-0.6937742085674401
15.639564412328458,0.8819910753149506,0.7605174595971139,-0.6984589972370691
15.647186832678024,0.8870463039779847,0.7584566246110178,-0.7031779427433775
15.65480925302759,0.8921015326410187,0.7563957896249216,-0.7079310477969314
15.662431673377158,0.8971567613040528,0.7543349546388254,-0.7127183087651535
15.670054093726725,0.9022119899670868,0.7522741196527293,-0.7175397156566926
15.67767651407629,0.9072672186301209,0.7502132846666331,-0.7223952521064343
15.685298934425859,0.912322447293155,0.748152449680537,-0.7272848953611225
15.692921354775425,0.9173776759561891,0.7460916146944407,-0.7322086162656064
15.700543775124991,0.9224329046192232,0.7440307797083446,-0.7371663792497335
15.70816619547456,0.9274881332822572,0.7419699447222484,-0.7421581423158552
15.715788615824126,0.9325433619452913,0.7399091097361523,-0.747183857026968
15.723411036173692,0.9375985906083254,0.7378482747500561,-0.752243468495499
15.73103345652326,0.9426538192713595,0.7357874397639599,-0.7573369153727149
15.738655876872826,0.9477090479343935,0.7337266047778638,-0.7624641298387661
15.746278297222393,0.9527642765974276,0.7316657697917676,-0.7676250375933819
15.75390071757196,0.9578195052604617,0.7296049348056715,-0.7728195578471933
15.761523137921527,0.9628747339234958,0.7275440998195752,-0.7780476033136922
15.769145558271093,0.9679299625865299,0.7254832648334791,-0.7833090802018505
15.776767978620661,0.972985191249564,0.7234224298473829,-0.7886038882093641
15.784390398970228,0.978040419912598,0.7213615948612868,-0.7939319205165433
15.792012819319794,0.983095648575632,0.7193007598751906,-0.7992930637808596
15.799635239669362,0.9881508772386661,0.7172399248890944,-0.8046871981321279
15.807257660018928,0.9932061059017002,0.7151790899029983,-0.8101141971683308
15.540249093209061,0.28182274132525786,0.09648366136046038,-0.04808549261084267
15.549968742055679,0.28934925040790566,0.10037697591944088,-0.05360112055848706
15.559688390902297,0.2968757594905535,0.10427029047842137,-0.059268077893302074
15.569408039748915,0.3044022685732013,0.10816360503740188,-0.06508531917641106
15.579127688595532,0.3119287776558491,0.11205691959638238,-0.07105177004508653
15.58884733744215,0.3194552867384969,0.11595023415536287,-0.07716632736382494
15.598566986288768,0.3269817958211447,0.11984354871434338,-0.08342785937952574
15.608286635135384,0.3345083049037925,0.12373686327332388,-0.08983520588075533
15.618006283982002,0.3420348139864403,0.12763017783230438,-0.09638717836107925
15.62772593282862,0.34956132306908816,0.13152349239128486,-0.10308256018643304
15.637445581675237,0.35708783215173595,0.13541680695026537,-0.10992010676652283
15.647165230521855,0.36461434123438374,0.13931012150924588,-0.11689854573022518
15.656884879368473,0.3721408503170316,0.1432034360682264,-0.12401657710496772
15.66660452821509,0.3796673593996794,0.14709675062720687,-0.13127287350006736
15.676324177061709,0.3871938684823272,0.15099006518618738,-0.13866608029400312
15.686043825908326,0.394720377564975,0.15488337974516786,-0.14619481582560004
15.695763474754944,0.4022468866476228,0.15877669430414837,-0.15385767158910013
15.705483123601562,0.4097733957302706,0.16267000886312888,-0.16165321243309577
15.71520277244818,0.41729990481291845,0.16656332342210936,-0.1695799767633005
15.724922421294796,0.42482641389556625,0.17045663798108987,-0.1776364767491315
15.734642070141414,0.43235292297821404,0.17434995254007035,-0.185821198534081
15.744361718988031,0.4398794320608619,0.17824326709905086,-0.1941326024498407
15.75408136783465,0.4474059411435097,0.18213658165803137,-0.2025691232341654
15.763801016681267,0.45493245022615747,0.18602989621701188,-0.21112917025243844
15.773520665527885,0.4624589593088053,0.18992321077599236,-0.2198111277229153
15.783240314374503,0.4699854683914531,0.19381652533497284,-0.22861335494561574
15.79295996322112,0.4775119774741009,0.19770983989395335,-0.23753418653483624
15.802679612067738,0.48503848655674875,0.20160315445293386,-0.24657193265525315
15.812399260914356,0.49256499563939654,0.20549646901191437,-0.25572487926158693
15.822118909760974,0.5000915047220443,0.20938978357089486,-0.26499128834179714
15.831838558607592,0.5076180138046922,0.21328309812987536,-0.27436939816377776
15.841558207454208,0.5151445228873399,0.21717641268885585,-0.2838574235255206
15.851277856300825,0.5226710319699878,0.22106972724783636,-0.29345355600872064
15.860997505147443,0.5301975410526356,0.22496304180681687,-0.30315596423577806
15.870717153994061,0.5377240501352833,0.22885635636579735,-0.3129627941301827
15.880436802840679,0.5452505592179312,0.23274967092477786,-0.3228721691802335
15.890156451687297,0.552777068300579,0.23664298548375834,-0.33288219070606684
15.899876100533914,0.5603035773832268,0.24053630004273885,-0.34299093812995735
15.909595749380532,0.5678300864658746,0.24442961460171936,-0.3531964692498585
15.91931539822715,0.5753565955485225,0.24832292916069984,-0.36349682051614707
15.929035047073768,0.5828831046311702,0.2522162437196803,-0.37389000731153865
15.938754695920386,0.5904096137138181,0.2561095582786609,-0.3843740242341358
15.948474344767003,0.5979361227964659,0.26000287283764134,-0.39494684538357566
15.95819399361362,0.6054626318791136,0.26389618739662185,-0.4056064246502394
15.967913642460237,0.6129891409617615,0.26778950195560236,-0.4163506960074911
15.977633291306855,0.6205156500444093,0.2716828165145828,-0.4271775738068968
15.987352940153473,0.6280421591270571,0.2755761310735634,-0.4380849530764048
15.99707258900009,0.6355686682097049,0.27946944563254383,-0.4490707098214338
16.00679223784671,0.6430951772923528,0.28336276019152434,-0.4601327013288402
16.016511886693326,0.6506216863750005,0.28725607475050485,-0.4712687664737153
16.179613000570615,0.19829511901039643,0.5138147685927077,-0.5478131179992187
16.187697140069393,0.20350074467256699,0.5125818668324775,-0.5486448552483075
16.195781279568166,0.20870637033473755,0.5113489650722473,-0.549524601537568
16.203865419066943,0.21391199599690813,0.5101160633120171,-0.5504521255555123
16.211949558565717,0.2191176216590787,0.5088831615517868,-0.5514271873987964
16.220033698064494,0.22432324732124925,0.5076502597915566,-0.5524495385996157
16.22811783756327,0.2295288729834198,0.5064173580313264,-0.5535189221540167
16.236201977062045,0.23473449864559037,0.5051844562710962,-0.5546350725511228
16.244286116560822,0.23994012430776096,0.5039515545108659,-0.5557977158032695
16.252370256059596,0.24514574996993152,0.5027186527506358,-0.5570065694770513
16.260454395558373,0.2503513756321021,0.5014857509904055,-0.5582613427252694
16.26853853505715,0.25555700129427267,0.5002528492301753,-0.5595617363197858
16.276622674555924,0.2607626269564432,0.49901994746994505,-0.5609074426852745
16.2847068140547,0.2659682526186138,0.4977870457097148,-0.562298145933869
16.292790953553475,0.2711738782807843,0.4965541439494846,-0.5637335219007041
16.30087509305225,0.2763795039429549,0.4953212421892544,-0.5652132381803455
16.308959232551025,0.2815851296051255,0.49408834042902416,-0.5667369541641074
16.317043372049802,0.286790755267296,0.49285543866879394,-0.5683043210782516
16.32512751154858,0.2919963809294666,0.4916225369085637,-0.5699149820230669
16.333211651047353,0.2972020065916372,0.4903896351483335,-0.5715685720128237
16.34129579054613,0.30240763225380773,0.4891567333881033,-0.5732647180166004
16.349379930044904,0.3076132579159783,0.48792383162787306,-0.5750030389999788
16.35746406954368,0.3128188835781489,0.48669092986764284,-0.5767831459676022
16.36554820904246,0.31802450924031944,0.4854580281074126,-0.5786046420065962
16.373632348541232,0.32323013490249,0.4842251263471824,-0.5804671223308446
16.38171648804001,0.32843576056466056,0.48299222458695223,-0.5823701743261167
16.389800627538783,0.33364138622683115,0.48175932282672196,-0.5843133775960446
16.39788476703756,0.3388470118890017,0.4805264210664918,-0.5862963040089433
16.405968906536337,0.34405263755117227,0.4792935193062615,-0.5883185177454706
16.41405304603511,0.34925826321334286,0.47806061754603135,-0.5903795753471226
16.422137185533888,0.3544638888755134,0.47682771578580113,-0.5924790257655584
16.43022132503266,0.359669514537684,0.4755948140255709,-0.5946164104127534
16.43830546453144,0.36487514019985456,0.4743619122653407,-0.5967912632119711
16.446389604030216,0.3700807658620251,0.47312901050511047,-0.5990031106495548
16.45447374352899,0.37528639152419563,0.47189610874488025,-0.601251471827529
16.462557883027767,0.38049201718636627,0.47066320698465003,-0.6035358585170085
16.47064202252654,0.3856976428485368,0.4694303052244198,-0.6058557752124115
16.478726162025318,0.39090326851070734,0.4681974034641896,-0.6082107191864661
16.48681030152409,0.3961088941728779,0.46696450170395937,-0.610600180546014
16.49489444102287,0.4013145198350485,0.46573159994372915,-0.6130236422885961
16.502978580521646,0.40652014549721904,0.4644986981834989,-0.6154805803598242
16.51106272002042,0.41172577115938963,0.4632657964232687,-0.6179704637115269
16.519146859519196,0.4169313968215602,0.4620328946630385,-0.620492754360666
16.52723099901797,0.42213702248373075,0.46079999290280826,-0.6230469074490218
16.535315138516747,0.42734264814590134,0.45956709114257804,-0.6256323713036346
16.543399278015524,0.4325482738080719,0.4583341893823478,-0.6282485874980039
16.551483417514298,0.43775389947024246,0.4571012876221176,-0.6308949909140356
16.559567557013075,0.442959525132413,0.4558683858618874,-0.6335710098047315
16.56765169651185,0.4481651507945836,0.45463548410165716,-0.6362760658576183
16.575735836010626,0.45337077645675417,0.45340258234142694,-0.6390095742589057
13.651621643598942,0.8577178784063626,0.9830842302049021,1.2173796253626252
13.658015840289494,0.8451181371174399,0.9724492007509942,1.198270920422131
13.664410036980044,0.8325183958285172,0.9618141712970862,1.1791596267555715
13.670804233670596,0.8199186545395946,0.9511791418431782,1.1600478399753336
13.677198430361146,0.8073189132506718,0.9405441123892703,1.1409376537630065
13.683592627051699,0.7947191719617491,0.9299090829353623,1.1218311597301214
13.689986823742249,0.7821194306728264,0.9192740534814544,1.1027304472790695
13.696381020432801,0.7695196893839037,0.9086390240275465,1.0836376034641817
13.702775217123351,0.7569199480949811,0.8980039945736384,1.0645547128530024
13.709169413813903,0.7443202068060584,0.8873689651197305,1.0454838573877434
13.715563610504455,0.7317204655171357,0.8767339356658226,1.0264271162469445
13.721957807195006,0.7191207242282129,0.8660989062119147,1.0073865657073346
13.728352003885558,0.7065209829392902,0.8554638767580067,0.9883642790059056
13.734746200576108,0.6939212416503676,0.8448288473040987,0.9693623262022147
13.74114039726666,0.6813215003614449,0.8341938178501908,0.9503827740409057
13.74753459395721,0.6687217590725222,0.8235587883962828,0.9314276858144794
13.753928790647763,0.6561220177835995,0.8129237589423749,0.9124991212262962
13.760322987338313,0.6435222764946769,0.8022887294884669,0.8935991362538438
13.766717184028865,0.6309225352057541,0.7916537000345589,0.8747297830122522
13.773111380719415,0.6183227939168314,0.781018670580651,0.8558931096180911
13.779505577409967,0.6057230526279087,0.7703836411267431,0.8370911600534279
13.78589977410052,0.593123311338986,0.7597486116728351,0.8183259740301831
13.79229397079107,0.5805235700500633,0.7491135822189272,0.7995995868547687
13.798688167481622,0.5679238287611406,0.7384785527650192,0.7809140292930229
13.805082364172172,0.555324087472218,0.7278435233111112,0.7622713274354632
13.811476560862724,0.5427243461832952,0.7172084938572033,0.7436735025628382
13.817870757553274,0.5301246048943726,0.7065734644032953,0.7251225710120159
13.824264954243827,0.5175248636054499,0.6959384349493873,0.7066205440421872
13.830659150934377,0.5049251223165272,0.6853034054954794,0.6881694277014199
13.837053347624929,0.4923253810276045,0.6746683760415715,0.6697712226935434
13.843447544315481,0.47972563973868176,0.6640333465876636,0.6514279242453986
13.849841741006031,0.4671258984497591,0.6533983171337556,0.6331415219744378
13.856235937696583,0.4545261571608364,0.6427632876798477,0.6149139997566921
13.862630134387134,0.44192641587191367,0.6321282582259398,0.5967473355951214
13.869024331077686,0.429326674582991,0.6214932287720317,0.5786435014883339
13.875418527768236,0.4167269332940683,0.6108581993181238,0.5606044632997079
13.881812724458788,0.40412719200514563,0.6002231698642158,0.5426321806268976
13.888206921149338,0.3915274507162229,0.5895881404103078,0.5247286066717542
13.89460111783989,0.3789277094273002,0.5789531109563999,0.5068956881106486
13.90099531453044,0.36632796813837754,0.568318081502492,0.4891353649652227
13.907389511220993,0.3537282268494548,0.557683052048584,0.4714495704735553
13.913783707911545,0.3411284855605321,0.5470480225946761,0.4538402309617739
13.920177904602095,0.3285287442716095,0.5364129931407682,0.43630926571609757
13.926572101292647,0.3159290029826868,0.5257779636868603,0.4188585868553288
13.932966297983198,0.30332926169376406,0.5151429342329522,0.4014900992038085
13.93936049467375,0.29072952040484135,0.5045079047790443,0.3842057001648206
13.9457546913643,0.27812977911591863,0.4938728753251363,0.3670072795944791
13.952148888054852,0.265530037826996,0.48323784587122837,0.3498967196760795
13.958543084745402,0.2529302965380733,0.4726028164173204,0.3328758947949451
13.964937281435954,0.2403305552491506,0.46196778696341245,0.31594667141375415
13.743136558848333,0.7523823607126912,0.4464513317394827,0.8661252284023878
13.750171976012815,0.7388247344849228,0.45023621090503824,0.8541091371470828
13.757207393177298,0.7252671082571545,0.45402109007059377,0.8419294562858362
13.764242810341782,0.7117094820293861,0.4578059692361493,0.8295878931242086
13.771278227506265,0.6981518558016178,0.46159084840170483,0.8170861689304241
13.778313644670748,0.6845942295738494,0.4653757275672604,0.8044260187952099
13.78534906183523,0.6710366033460811,0.46916060673281595,0.7916091914906622
13.792384478999713,0.6574789771183127,0.4729454858983715,0.7786374493281459
13.799419896164197,0.6439213508905444,0.476730365063927,0.7655125680152359
13.80645531332868,0.630363724662776,0.48051524422948255,0.7522363365117148
13.813490730493163,0.6168060984350077,0.4843001233950381,0.7388105568846309
13.820526147657645,0.6032484722072392,0.4880850025605936,0.7252370441624308
13.827561564822128,0.5896908459794709,0.49186988172614915,0.7115176261881764
13.834596981986612,0.5761332197517025,0.4956547608917047,0.6976541434718521
13.841632399151095,0.5625755935239342,0.4994396400572602,0.6836484490417807
13.848667816315578,0.5490179672961658,0.5032245192228157,0.6695024082951465
13.85570323348006,0.5354603410683975,0.5070093983883713,0.6552178988476474
13.862738650644543,0.5219027148406291,0.5107942775539268,0.6407968103822794
13.869774067809027,0.5083450886128608,0.5145791567194824,0.6262410444972658
13.87680948497351,0.4947874623850924,0.5183640358850379,0.6115525145531429
13.883844902137993,0.48122983615732406,0.5221489150505935,0.5967331455190072
13.890880319302475,0.46767220992955566,0.525933794216149,0.5817848738179442
13.897915736466958,0.4541145837017873,0.5297186733817045,0.5667096471716397
13.904951153631442,0.44055695747401896,0.5335035525472601,0.5515094244441895
13.911986570795925,0.4269993312462506,0.5372884317128156,0.5361861754851205
13.919021987960408,0.41344170501848226,0.5410733108783712,0.5207418809716231
13.92605740512489,0.3998840787907139,0.5448581900439267,0.5051785322500203
13.933092822289375,0.38632645256294557,0.5486430692094822,0.4894981311764732
13.940128239453857,0.37276882633517716,0.5524279483750377,0.47370268995694165
13.94716365661834,0.3592112001074088,0.5562128275405933,0.4577942309864005
13.954199073782823,0.34565357387964046,0.5599977067061488,0.44177478668733533
13.961234490947305,0.3320959476518721,0.5637825858717044,0.42564639934751974
13.96826990811179,0.31853832142410377,0.56756746503726,0.40941112095708737
13.975305325276272,0.3049806951963354,0.5713523442028154,0.39307101304491454
13.982340742440755,0.29142306896856707,0.575137223368371,0.37662814651431215
13.989376159605238,0.2778654427407987,0.5789221025339265,0.36008460147805504
13.99641157676972,0.26430781651303037,0.5827069816994821,0.34344246709274656
14.003446993934205,0.250750190285262,0.5864918608650376,0.3267038413925353
14.010482411098687,0.23719256405749367,0.5902767400305932,0.30987083112219854
14.01751782826317,0.22363493782972532,0.5940616191961487,0.2929455515695906
14.024553245427652,0.21007731160195697,0.5978464983617042,0.2759301263974864
14.031588662592135,0.1965196853741885,0.6016313775272597,0.25882668747481663
14.03862407975662,0.18296205914642016,0.6054162566928153,0.24163737470731256
14.045659496921102,0.16940443291865181,0.6092011358583709,0.22436433586757423
14.052694914085585,0.15584680669088347,0.6129860150239264,0.20700972642456167
14.059730331250067,0.14228918046311512,0.6167708941894819,0.18957570937253876
14.06676574841455,0.12873155423534677,0.6205557733550374,0.17206445505946683
14.073801165579034,0.11517392800757842,0.624340652520593,0.15447814101486526
14.080836582743517,0.10161630177981007,0.6281255316861485,0.13681895177715528
14.087871999908,0.08805867555204172,0.6319104108517041,0.11908907872048327
18.28971277221352,0.8033000816432602,0.9014003751403876,0.33719600908515424
18.296256278783357,0.7878743724678602,0.8841938168246969,0.33824191992083874
18.302799785353198,0.7724486632924602,0.8669872585090063,0.3389832618940697
18.309343291923035,0.7570229541170602,0.8497807001933155,0.33942056892556466
18.315886798492873,0.7415972449416602,0.8325741418776248,0.33955440035051376
18.32243030506271,0.7261715357662603,0.8153675835619342,0.3393853408698633
18.32897381163255,0.7107458265908603,0.7981610252462434,0.3389140005000064
18.33551731820239,0.6953201174154603,0.7809544669305527,0.33814101452084105
18.342060824772226,0.6798944082400603,0.7637479086148621,0.33706704342225424
18.348604331342067,0.6644686990646602,0.7465413502991713,0.3356927728489654
18.355147837911904,0.6490429898892602,0.7293347919834807,0.3340189135437723
18.36169134448174,0.6336172807138603,0.71212823366779,0.3320462012892257
18.36823485105158,0.6181915715384603,0.6949216753520993,0.3297753968476764
18.37477835762142,0.6027658623630603,0.6777151170364086,0.32720728589975084
18.381321864191257,0.5873401531876603,0.6605085587207179,0.32434267898121955
18.387865370761094,0.5719144440122603,0.6433020004050272,0.32118241141831483
18.394408877330935,0.5564887348368603,0.6260954420893365,0.31772734326144014
18.400952383900773,0.5410630256614604,0.6088888837736458,0.3139783592173043
18.40749589047061,0.5256373164860604,0.5916823254579551,0.3099363685795128
18.414039397040447,0.5102116073106604,0.5744757671422644,0.30560230515756187
18.42058290361029,0.4947858981352604,0.5572692088265737,0.3009771272042867
18.427126410180126,0.47936018895986043,0.540062650510883,0.2960618173417394
18.433669916749963,0.46393447978446045,0.5228560921951924,0.2908573824855355
18.440213423319804,0.44850877060906047,0.5056495338795016,0.2853648537676309
18.44675692988964,0.4330830614336605,0.4884429755638109,0.2795852864575567
18.45330043645948,0.4176573522582605,0.4712364172481202,0.2735197598821345
18.459843943029316,0.4022316430828605,0.45402985893242953,0.26716937734363505
18.466387449599157,0.3868059339074605,0.43682330061673885,0.2605352660364215
18.472930956168994,0.3713802247320605,0.4196167423010481,0.25361857696205803
18.479474462738832,0.3559545155566605,0.40241018398535744,0.24642048484291723
18.486017969308673,0.34052880638126054,0.3852036256696667,0.23894218803425815
18.49256147587851,0.32510309720586056,0.3679970673539761,0.23118490843479744
18.499104982448348,0.3096773880304606,0.35079050903828535,0.22314989139579197
18.505648489018185,0.29425167885506054,0.3335839507225946,0.21483840562860917
18.512191995588026,0.27882596967966056,0.316377392406904,0.2062517431108149
18.518735502157863,0.2634002605042606,0.29917083409121326,0.1973912189907675
18.5252790087277,0.2479745513288606,0.2819642757755225,0.18825817149074617
18.53182251529754,0.2325488421534606,0.2647577174598319,0.17885396180859248
18.53836602186738,0.21712313297806063,0.24755115914414116,0.16917997401788495
18.544909528437216,0.20169742380266065,0.23034460082845043,0.15923761496666294
18.551453035007054,0.18627171462726066,0.2131380425127598,0.14902831417468215
18.557996541576895,0.17084600545186068,0.19593148419706907,0.13855352372922752
18.564540048146732,0.1554202962764607,0.17872492588137834,0.12781471817947865
18.57108355471657,0.13999458710106072,0.16151836756568771,0.11681339442944538
18.57762706128641,0.12456887792566074,0.14431180924999698,0.10555107162946589
18.584170567856248,0.10914316875026076,0.12710525093430625,0.0940292910662825
18.590714074426085,0.09371745957486077,0.10989869261861562,0.08224961605170515
18.597257580995922,0.07829175039946079,0.09269213430292489,0.07021363180985811
18.603801087565763,0.06286604122406081,0.07548557598723415,0.05792294536302729
18.6103445941356,0.04744033204866083,0.05827901767154353,0.04537918541610776
17.891212646912333,0.779797649283302,0.647223166054269,-0.2659885396582114
17.896603361911115,0.7778678851340061,0.6374611925632805,-0.2647951726266142
17.901994076909897,0.7759381209847102,0.6276992190722919,-0.26369195326561806
17.90738479190868,0.7740083568354142,0.6179372455813034,-0.26267867497681585
17.912775506907465,0.7720785926861182,0.6081752720903147,-0.261755125711789
17.918166221906247,0.7701488285368223,0.5984132985993262,-0.26092108798530217
17.92355693690503,0.7682190643875264,0.5886513251083376,-0.26017633888870173
17.928947651903812,0.7662893002382305,0.5788893516173491,-0.2595206501035897
17.934338366902594,0.7643595360889346,0.5691273781263606,-0.25895378791571905
17.939729081901376,0.7624297719396387,0.559365404635372,-0.25847551322912976
17.94511979690016,0.7605000077903428,0.5496034311443835,-0.25808558158052514
17.950510511898944,0.7585702436410467,0.5398414576533949,-0.25778374315387964
17.955901226897726,0.7566404794917508,0.5300794841624064,-0.25756974279530026
17.96129194189651,0.7547107153424549,0.5203175106714177,-0.2574433200280917
17.96668265689529,0.752780951193159,0.5105555371804292,-0.25740420906808914
17.972073371894073,0.7508511870438631,0.5007935636894407,-0.2574521388392075
17.977464086892855,0.7489214228945672,0.4910315901984521,-0.2575868329892315
17.982854801891637,0.7469916587452713,0.4812696167074636,-0.25780800990583486
17.988245516890423,0.7450618945959753,0.47150764321647504,-0.25811538273283136
17.993636231889205,0.7431321304466794,0.4617456697254865,-0.258508659386672
17.999026946887987,0.7412023662973835,0.4519836962344979,-0.25898754257314344
18.00441766188677,0.7392726021480875,0.44222172274350935,-0.25955172980432556
18.00980837688555,0.7373428379987916,0.43245974925252084,-0.2602009134157655
18.015199091884334,0.7354130738494957,0.4226977757615322,-0.26093478058388225
18.020589806883116,0.7334833097001998,0.4129358022705437,-0.2617530133435992
18.025980521881902,0.7315535455509038,0.40317382877955515,-0.26265528860620174
18.031371236880684,0.7296237814016079,0.3934118552885666,-0.2636412781774355
18.036761951879466,0.727694017252312,0.38364988179757803,-0.26471064877580214
18.04215266687825,0.7257642531030161,0.37388790830658947,-0.2658630620511072
18.04754338187703,0.7238344889537202,0.36412593481560096,-0.26709817460322016
18.052934096875813,0.7219047248044242,0.3543639613246124,-0.2684156380010587
18.058324811874595,0.7199749606551283,0.34460198783362384,-0.26981509880179677
18.06371552687338,0.7180451965058323,0.3348400143426353,-0.27129619857029064
18.069106241872163,0.7161154323565364,0.3250780408516467,-0.272858573898741
18.074496956870945,0.7141856682072405,0.31531606736065815,-0.2745018564265458
18.079887671869727,0.7122559040579446,0.3055540938696696,-0.2762256728604015
18.08527838686851,0.7103261399086487,0.2957921203786811,-0.27802964499460825
18.09066910186729,0.7083963757593528,0.2860301468876925,-0.27991338973159485
18.096059816866074,0.7064666116100569,0.27626817339670395,-0.2818765191026611
18.10145053186486,0.704536847460761,0.2665061999057154,-0.283918640288933
18.10684124686364,0.7026070833114649,0.25674422641472683,-0.28603935564254523
18.112231961862424,0.700677319162169,0.24698225292373827,-0.288238262708013
18.117622676861206,0.6987475550128731,0.23722027943274976,-0.29051495424384155
18.12301339185999,0.6968177908635772,0.2274583059417612,-0.29286901824433526
18.12840410685877,0.6948880267142813,0.21769633245077263,-0.29530003796162096
18.133794821857553,0.6929582625649854,0.20793435895978407,-0.2978075919278809
18.13918553685634,0.6910284984156894,0.1981723854687955,-0.30039125397779265
18.14457625185512,0.6890987342663935,0.18841041197780695,-0.3030505932711905
18.149966966853903,0.6871689701170975,0.17864843848681844,-0.30578517431590846
18.155357681852685,0.6852392059678016,0.16888646499582982,-0.3085945569908554
18.130916175232645,0.5068253754773618,0.5515689636913234,0.08149277039308767
18.137104330193797,0.49898316411872534,0.5604579038733467,0.09795219706369235
18.14329248515495,0.49114095276008884,0.5693468440553702,0.1144063373931779
18.149480640116103,0.48329874140145235,0.5782357842373935,0.13085365354711354
18.155668795077254,0.4754565300428158,0.5871247244194169,0.14729260804595368
18.16185695003841,0.4676143186841793,0.5960136646014402,0.16372166385866138
18.16804510499956,0.4597721073255428,0.6049026047834637,0.1801392844963109
18.17423325996071,0.4519298959669063,0.613791544965487,0.196543934105686
18.180421414921863,0.4440876846082698,0.6226804851475104,0.21293407756282096
18.186609569883018,0.43624547324963325,0.6315694253295338,0.2293081805665198
18.19279772484417,0.42840326189099676,0.6404583655115572,0.24566470973181836
18.19898587980532,0.42056105053236026,0.6493473056935806,0.26200213268342565
18.205174034766475,0.41271883917372376,0.6582362458756039,0.2783189181490907
18.211362189727627,0.40487662781508726,0.6671251860576273,0.2946135360529122
18.217550344688778,0.39703441645645077,0.6760141262396507,0.31088445760861116
18.223738499649933,0.38919220509781427,0.6849030664216741,0.3271301554127119
18.229926654611084,0.3813499937391778,0.6937920066036974,0.3433491035376555
18.236114809572236,0.3735077823805413,0.7026809467857209,0.35953977762485634
18.24230296453339,0.3656655710219047,0.7115698869677443,0.37570065497765737
18.248491119494542,0.3578233596632682,0.7204588271497676,0.39183021465419854
18.254679274455693,0.34998114830463173,0.729347767331791,0.4079269375602178
18.260867429416844,0.3421389369459952,0.7382367075138143,0.4239893065417303
18.267055584378,0.3342967255873587,0.7471256476958378,0.44001580647762384
18.27324373933915,0.3264545142287222,0.7560145878778611,0.45600492437213214
18.279431894300302,0.3186123028700857,0.7649035280598846,0.4719551494472246
18.285620049261457,0.3107700915114492,0.773792468241908,0.4878649732348573
18.29180820422261,0.3029278801528127,0.7826814084239313,0.5037328896691049
18.29799635918376,0.2950856687941762,0.7915703486059547,0.51955739517819
18.304184514144914,0.2872434574355397,0.800459288787978,0.5353369887763602
18.310372669106066,0.2794012460769032,0.8093482289700014,0.5510701721556313
18.316560824067217,0.2715590347182667,0.8182371691520248,0.5667554497774138
18.32274897902837,0.26371682335963015,0.8271261093340482,0.582391328963969
18.328937133989523,0.25587461200099365,0.8360150495160716,0.5979763199897329
18.335125288950675,0.24803240064235715,0.844903989698095,0.6135089361724717
18.341313443911826,0.24019018928372066,0.8537929298801183,0.6289876939643018
18.34750159887298,0.23234797792508416,0.8626818700621417,0.644411113042525
18.353689753834132,0.2245057665664476,0.871570810244165,0.6597777164002978
18.359877908795283,0.2166635552078111,0.8804597504261885,0.675086030437146
18.36606606375644,0.2088213438491746,0.8893486906082119,0.6903345850492832
18.37225421871759,0.20097913249053811,0.8982376307902353,0.7055219137197465
18.37844237367874,0.19313692113190162,0.9071265709722587,0.7206465536083636
18.384630528639896,0.18529470977326512,0.916015511154282,0.7357070456415109
18.390818683601047,0.17745249841462857,0.9249044513363054,0.750701934601674
18.3970068385622,0.16961028705599207,0.9337933915183287,0.7656297692168242
18.40319499352335,0.16176807569735557,0.9426823317003521,0.7804891022495718
18.409383148484505,0.15392586433871908,0.9515712718823756,0.7952784905861175
18.415571303445656,0.14608365298008258,0.9604602120643989,0.8099964953249789
18.421759458406807,0.13824144162144608,0.9693491522464224,0.8246416818655153
18.427947613367962,0.13039923026280953,0.9782380924284457,0.8392126199962103
18.434135768329114,0.12255701890417303,0.9871270326104691,0.8537078839827267
13.119407434746213,0.6793395484412411,0.9572586364734806,1.1714024888145973
13.12566846761919,0.6693219899447318,0.9505487619033737,1.1608479625269872
13.131929500492166,0.6593044314482224,0.9438388873332667,1.15018618510762
13.138190533365144,0.6492868729517131,0.9371290127631597,1.1394184383252117
13.144451566238121,0.6392693144552037,0.9304191381930528,1.1285460104891027
13.150712599111097,0.6292517559586944,0.9237092636229458,1.117570196364802
13.156973631984075,0.6192341974621851,0.916999389052839,1.1064922970891808
13.163234664857052,0.6092166389656757,0.910289514482732,1.0953136200853313
13.169495697730028,0.5991990804691664,0.903579639912625,1.0840354789770859
13.175756730603005,0.589181521972657,0.896869765342518,1.0726591935032053
13.182017763475983,0.5791639634761476,0.8901598907724111,1.0611860894312408
13.188278796348959,0.5691464049796383,0.8834500162023041,1.0496174984710762
13.194539829221936,0.559128846483129,0.8767401416321972,1.0379547581881492
13.200800862094912,0.5491112879866197,0.8700302670620902,1.0261992119163632
13.20706189496789,0.5390937294901104,0.8633203924919832,1.0143522086706904
13.213322927840867,0.5290761709936009,0.8566105179218764,1.002415103059473
13.219583960713843,0.5190586124970916,0.8499006433517694,0.9903892551964243
13.22584499358682,0.5090410540005823,0.8431907687816624,0.9782760306123397
13.232106026459798,0.49902349550407293,0.8364808942115555,0.9660768001665166
13.238367059332774,0.48900593700756356,0.8297710196414485,0.9537929399578935
13.244628092205751,0.47898837851105425,0.8230611450713415,0.9414258312359062
13.250889125078729,0.46897082001454493,0.8163512705012346,0.9289768603110761
13.257150157951704,0.45895326151803556,0.8096413959311276,0.9164474184653244
13.263411190824682,0.4489357030215262,0.8029315213610206,0.9038389018620252
13.26967222369766,0.4389181445250169,0.7962216467909138,0.8911527114557989
13.275933256570635,0.42890058602850756,0.7895117722208067,0.8783902529020515
13.282194289443613,0.4188830275319982,0.7828018976506999,0.8655529364662635
13.28845532231659,0.4088654690354888,0.7760920230805929,0.852642176933037
13.294716355189566,0.3988479105389795,0.7693821485104859,0.8396593935149023
13.300977388062543,0.3888303520424702,0.762672273940379,0.8266060097608876
13.307238420935521,0.3788127935459608,0.755962399370272,0.8134834534648656
13.313499453808497,0.36879523504945144,0.749252524800165,0.8002931565736695
13.319760486681474,0.3587776765529421,0.742542650230058,0.7870365550949925
13.326021519554452,0.3487601180564328,0.7358327756599511,0.7737150890050736
13.332282552427428,0.33874255955992344,0.7291229010898441,0.7603302021561738
13.338543585300405,0.32872500106341407,0.7224130265197373,0.746883342183845
13.34480461817338,0.31870744256690475,0.7157031519496303,0.7333759604140061
13.351065651046358,0.30868988407039544,0.7089932773795233,0.7198095117698177
13.357326683919336,0.29867232557388607,0.7022834028094164,0.7061854546783745
13.363587716792312,0.2886547670773767,0.6955735282393094,0.6925052509772087
13.36984874966529,0.2786372085808674,0.6888636536692024,0.6787703658206162
13.376109782538267,0.26861965008435806,0.6821537790990955,0.6649822675858109
13.382370815411242,0.2586020915878487,0.6754439045289886,0.651142427778908
13.38863184828422,0.24858453309133932,0.6687340299588815,0.6372523209407428
13.394892881157197,0.23856697459483,0.6620241553887747,0.6233134245525364
13.401153914030173,0.2285494160983207,0.6553142808186676,0.6093272189414016
13.40741494690315,0.21853185760181132,0.6486044062485607,0.5952951871857038
13.413675979776128,0.20851429910530195,0.6418945316784538,0.5812188150202802
13.419937012649104,0.19849674060879263,0.6351846571083468,0.5670995907415193
13.426198045522082,0.18847918211228332,0.6284747825382399,0.5529390051123051
17.000260325073015,0.07388803498204366,0.39874981707554613,-0.1806625913850415
17.006513380850745,0.07905499307050377,0.3907670193965095,-0.1812188758671154
17.01276643662848,0.08422195115896387,0.3827842217174728,-0.18188160630514164
17.01901949240621,0.08938890924742399,0.37480142403843614,-0.18265053325018318
17.02527254818394,0.0945558673358841,0.36681862635939944,-0.18352539867053852
17.03152560396167,0.09972282542434421,0.3588358286803628,-0.18450593597074982
17.037778659739402,0.10488978351280431,0.35085303100132614,-0.18559187001111094
17.044031715517132,0.11005674160126443,0.34287023332228944,-0.18678291712768896
17.050284771294862,0.11522369968972454,0.3348874356432528,-0.18807878515284032
17.056537827072596,0.12039065777818464,0.3269046379642161,-0.18947917343624093
17.062790882850326,0.12555761586664477,0.31892184028517945,-0.19098377286641932
17.069043938628056,0.13072457395510487,0.3109390426061428,-0.19259226589278228
17.075296994405786,0.13589153204356497,0.30295624492710616,-0.19430432654815152
17.08155005018352,0.1410584901320251,0.29497344724806945,-0.1961196204717936
17.08780310596125,0.1462254482204852,0.2869906495690328,-0.1980378049329535
17.09405616173898,0.1513924063089453,0.2790078518899961,-0.20005852885487563
17.100309217516713,0.15655936439740542,0.27102505421095946,-0.20218143283932885
17.106562273294443,0.16172632248586552,0.2630422565319228,-0.20440614919162464
17.112815329072173,0.16689328057432562,0.2550594588528861,-0.20673230194612077
17.119068384849903,0.17206023866278575,0.24707666117384947,-0.2091595068922243
17.125321440627637,0.17722719675124585,0.2390938634948128,-0.21168737160087922
17.131574496405367,0.18239415483970595,0.23111106581577612,-0.21431549545154727
17.137827552183097,0.18756111292816607,0.22312826813673947,-0.21704346965966748
17.14408060796083,0.19272807101662617,0.2151454704577028,-0.21987087730460797
17.15033366373856,0.19789502910508627,0.20716267277866612,-0.2227972933581009
17.15658671951629,0.2030619871935464,0.19917987509962945,-0.22582228471315338
17.16283977529402,0.2082289452820065,0.19119707742059278,-0.22894541021344564
17.169092831071755,0.2133959033704666,0.18321427974155613,-0.23216622068320394
17.175345886849485,0.21856286145892673,0.17523148206251946,-0.23548425895755412
17.181598942627215,0.22372981954738683,0.16724868438348278,-0.23889905991334467
17.18785199840495,0.22889677763584693,0.15926588670444614,-0.24241015050044915
17.19410505418268,0.23406373572430705,0.15128308902540946,-0.24601704977353991
17.20035810996041,0.23923069381276715,0.1433002913463728,-0.24971926892432728
17.20661116573814,0.24439765190122725,0.13531749366733614,-0.25351631131427294
17.212864221515872,0.24956460998968738,0.12733469598829944,-0.25740767250776647
17.219117277293602,0.25473156807814745,0.1193518983092628,-0.26139284030576904
17.225370333071332,0.2598985261666076,0.11136910063022609,-0.2654712947799166
17.231623388849066,0.2650654842550677,0.10338630295118945,-0.2696425083070871
17.237876444626796,0.27023244234352783,0.0954035052721528,-0.2739059456044268
17.244129500404526,0.2753994004319879,0.0874207075931161,-0.2782610637648311
17.250382556182256,0.28056635852044803,0.07943790991407945,-0.2827073122928835
17.25663561195999,0.2857333166089081,0.0714551122350428,-0.2872441331412459
17.26288866773772,0.29090027469736823,0.0634723145560061,-0.29187096074750224
17.26914172351545,0.29606723278582836,0.05548951687696946,-0.29658722207144805
17.275394779293183,0.3012341908742885,0.04750671919793281,-0.3013923366328302
17.281647835070913,0.30640114896274856,0.03952392151889611,-0.3062857165495312
17.287900890848643,0.3115681070512087,0.031541123839859464,-0.3112667665761946
17.294153946626373,0.31673506513966876,0.023558326160822762,-0.3163348841432934
17.300407002404107,0.3219020232281289,0.015575528481786116,-0.3214894593966364
17.306660058181837,0.327068981316589,0.00759273080274947,-0.326729875237311
18.22001370715169,0.26733689109945047,0.008195617850076609,-0.15077672832839364
18.22931073446564,0.2670989713494773,0.01303318726361537,-0.1446416160145212
18.23860776177959,0.26686105159950413,0.017870756677154133,-0.13844532023732586
18.24790478909354,0.26662313184953096,0.0227083260906929,-0.1321890830584893
18.257201816407488,0.2663852120995578,0.02754589550423166,-0.1258741558673479
18.26649884372144,0.2661472923495846,0.03238346491777042,-0.1195017992113088
18.27579587103539,0.26590937259961145,0.03722103433130919,-0.11307328262512212
18.285092898349337,0.2656714528496383,0.04205860374484795,-0.10658988445902035
18.29438992566329,0.2654335330996651,0.04689617315838671,-0.10005289170576157
18.303686952977237,0.265195613349692,0.05173374257192548,-0.09346359982658822
18.312983980291186,0.2649576935997188,0.05657131198546424,-0.08682331257611507
18.322281007605138,0.26471977384974565,0.061408881399003,-0.08013334182618126
18.331578034919087,0.2644818540997725,0.06624645081254177,-0.07339500738868127
18.34087506223304,0.2642439343497993,0.07108402022608053,-0.06660963683738447
18.350172089546987,0.26400601459982614,0.07592158963961929,-0.05977856532878856
18.359469116860936,0.263768094849853,0.08075915905315806,-0.052903135421999176
18.368766144174888,0.2635301750998798,0.08559672846669682,-0.045984696897681226
18.378063171488837,0.26329225534990663,0.09043429788023558,-0.039024606576092594
18.387360198802785,0.26305433559993346,0.09527186729377435,-0.03202422813421428
18.396657226116737,0.2628164158499603,0.10010943670731311,-0.024984931922014453
18.405954253430686,0.2625784960999871,0.10494700612085187,-0.017908094777860484
18.415251280744634,0.26234057635001395,0.10978457553439064,-0.010795099843090836
18.424548308058586,0.2621026566000408,0.1146221449479294,-0.003647336375787097
18.433845335372535,0.2618647368500676,0.11945971436146816,0.0035338004362415465
18.443142362686483,0.26162681710009444,0.12429728377500693,0.010746909663247955
18.452439390000436,0.26138889735012133,0.12913485318854567,0.017990584822071082
18.461736417314384,0.26115097760014816,0.13397242260208445,0.025263414065380962
18.471033444628333,0.260913057850175,0.13880999201562322,0.03256398037163191
18.480330471942285,0.2606751381002018,0.14364756142916196,0.03989086173568311
18.489627499256233,0.26043721835022865,0.14848513084270074,0.047242631360073714
18.498924526570182,0.2601992986002555,0.1533227002562395,0.05461785784693858
18.508221553884134,0.2599613788502823,0.15816026966977825,0.06201510539052464
18.517518581198082,0.25972345910030914,0.16299783908331703,0.06943293397029347
18.52681560851203,0.25948553935033597,0.1678354084968558,0.07686989954459768
18.536112635825983,0.2592476196003628,0.17267297791039454,0.08432455424488897
18.54540966313993,0.25900969985038963,0.17751054732393332,0.09179544657044522
18.554706690453884,0.25877178010041646,0.1823481167374721,0.09928112158360312
18.564003717767832,0.2585338603504433,0.18718568615101083,0.10678012110544856
18.57330074508178,0.2582959406004701,0.1920232555645496,0.11429098391197234
18.582597772395733,0.25805802085049695,0.19686082497808838,0.12181224593064208
18.59189479970968,0.2578201011005238,0.20169839439162712,0.12934244043737816
18.60119182702363,0.25758218135055067,0.2065359638051659,0.13688009825391984
18.610488854337582,0.2573442616005775,0.21137353321870467,0.14442374794553922
18.61978588165153,0.2571063418506043,0.2162111026322434,0.15197191601908938
18.62908290896548,0.25686842210063116,0.22104867204578219,0.1595231271213739
18.63837993627943,0.256630502350658,0.22588624145932096,0.16707590423779345
18.64767696359338,0.2563925826006848,0.2307238108728597,0.1746287688912576
18.65697399090733,0.25615466285071165,0.23556138028639848,0.18218024134134767
18.66627101822128,0.2559167431007385,0.24039894969993725,0.18972884078368646
18.67556804553523,0.2556788233507653,0.245236519113476,0.19727308554950368
13.507775011778806,0.755926062843833,0.2640943432831695,0.7665397539254469
13.515647259572749,0.7580010862196441,0.2669256749950099,0.7716739024176386
13.523519507366691,0.7600761095954554,0.2697570067068503,0.7767430102775452
13.531391755160634,0.7621511329712665,0.2725883384186908,0.7817463504768978
13.539264002954576,0.7642261563470776,0.2754196701305312,0.7866832011558289
13.547136250748519,0.7663011797228888,0.2782510018423716,0.7915528456931279
13.555008498542461,0.7683762030986999,0.281082333554212,0.7963545727761012
13.562880746336404,0.7704512264745111,0.28391366526605244,0.8010876764700336
13.570752994130347,0.7725262498503223,0.2867449969778929,0.805751456287243
13.57862524192429,0.7746012732261334,0.2895763286897333,0.8103452172557242
13.586497489718232,0.7766762966019446,0.29240766040157373,0.8148682699873754
13.594369737512174,0.7787513199777557,0.29523899211341414,0.8193199307458008
13.602241985306117,0.7808263433535668,0.29807032382525456,0.8236995215136845
13.610114233100061,0.782901366729378,0.300901655537095,0.8280063700597315
13.617986480894004,0.7849763901051892,0.30373298724893544,0.8322398100051636
13.625858728687946,0.7870514134810003,0.30656431896077585,0.8363991808897755
13.633730976481889,0.7891264368568115,0.30939565067261626,0.8404838282375352
13.641603224275832,0.7912014602326226,0.3122269823844567,0.8444931036217277
13.649475472069774,0.7932764836084338,0.3150583140962971,0.848426364729637
13.657347719863717,0.795351506984245,0.3178896458081375,0.852282975426758
13.66521996765766,0.7974265303600561,0.32072097751997797,0.8560623058205377
13.673092215451602,0.7995015537358673,0.3235523092318184,0.8597637323236333
13.680964463245544,0.8015765771116784,0.3263836409436588,0.8633866377166886
13.688836711039487,0.8036516004874895,0.3292149726554992,0.866930411210618
13.69670895883343,0.8057266238633007,0.3320463043673396,0.870394448508398
13.704581206627372,0.8078016472391119,0.3348776360791801,0.8737781518663545
13.712453454421315,0.8098766706149231,0.3377089677910205,0.8770809301549467
13.720325702215257,0.8119516939907342,0.3405402995028609,0.8803021989190384
13.7281979500092,0.8140267173665453,0.3433716312147013,0.8834413804376539
13.736070197803143,0.8161017407423565,0.34620296292654174,0.8864979037832108
13.743942445597085,0.8181767641181676,0.3490342946383822,0.8894712048802275
13.751814693391028,0.8202517874939788,0.3518656263502226,0.8923607265634979
13.75968694118497,0.82232681086979,0.35469695806206303,0.8951659186357301
13.767559188978913,0.8244018342456011,0.35752828977390344,0.8978862379246424
13.775431436772855,0.8264768576214123,0.36035962148574385,0.9005211483395124
13.783303684566798,0.8285518809972234,0.3631909531975843,0.9030701209271758
13.79117593236074,0.8306269043730345,0.36602228490942473,0.9055326339274661
13.799048180154685,0.8327019277488458,0.36885361662126515,0.907908172828096
13.806920427948628,0.8347769511246569,0.37168494833310556,0.9101962304189689
13.81479267574257,0.836851974500468,0.37451628004494597,0.9123963068459223
13.822664923536513,0.8389269978762792,0.37734761175678644,0.9145079096638942
13.830537171330455,0.8410020212520903,0.38017894346862685,0.9165305538895088
13.838409419124398,0.8430770446279015,0.38301027518046726,0.918463762053078
13.84628166691834,0.8451520680037127,0.3858416068923077,0.9203070642500132
13.854153914712283,0.8472270913795238,0.3886729386041481,0.922059998191641
13.862026162506226,0.849302114755335,0.39150427031598856,0.9237221092554243
13.869898410300168,0.8513771381311461,0.3943356020278289,0.9252929505345753
13.87777065809411,0.8534521615069572,0.3971669337396694,0.9267720828870654
13.885642905888053,0.8555271848827685,0.3999982654515098,0.9281590749840206
13.893515153681996,0.8576022082585796,0.4028295971633502,0.9294535033575009
14.157742223968599,0.1994662804545243,0.36144414105338984,0.1919877699755138
14.163230314673239,0.20040018636362278,0.36267985435060895,0.19088053399918573
14.16871840537788,0.20133409227272123,0.36391556764782806,0.18975372300435758
14.17420649608252,0.2022679981818197,0.3651512809450472,0.18860731684036727
14.17969458678716,0.20320190409091815,0.3663869942422663,0.18744129636479032
14.185182677491802,0.20413581000001663,0.3676227075394854,0.18625564344563506
14.190670768196442,0.20506971590911507,0.3688584208367045,0.1850503409634945
14.196158858901084,0.20600362181821355,0.3700941341339236,0.18382537281364866
14.201646949605724,0.206937527727312,0.3713298474311427,0.18258072390813337
14.207135040310364,0.20787143363641047,0.3725655607283618,0.18131638017775564
14.212623131015006,0.20880533954550892,0.3738012740255809,0.18003232857407214
14.218111221719646,0.2097392454546074,0.3750369873228,0.17872855707132462
14.223599312424286,0.21067315136370585,0.3762727006200191,0.17740505466832462
14.229087403128927,0.21160705727280432,0.3775084139172382,0.17606181139030122
14.234575493833567,0.21254096318190277,0.3787441272144573,0.17469881829070452
14.240063584538209,0.21347486909100125,0.37997984051167644,0.17331606745295813
14.245551675242849,0.2144087750000997,0.38121555380889555,0.17191355199217834
14.251039765947489,0.21534268090919817,0.38245126710611466,0.17049126605683804
14.25652785665213,0.21627658681829662,0.38368698040333377,0.16904920483039376
14.26201594735677,0.2172104927273951,0.3849226937005529,0.16758736453286827
14.26750403806141,0.21814439863649354,0.386158406997772,0.1661057424223819
14.272992128766052,0.21907830454559202,0.3873941202949911,0.16460433679664624
14.278480219470692,0.22001221045469047,0.3886298335922102,0.16308314699441276
14.283968310175332,0.22094611636378894,0.3898655468894293,0.1615421733968705
14.289456400879974,0.2218800222728874,0.39110126018664837,0.15998141742900487
14.294944491584614,0.22281392818198587,0.3923369734838675,0.15840088156091242
14.300432582289256,0.2237478340910843,0.3935726867810866,0.15680056930906233
14.305920672993896,0.2246817400001828,0.3948084000783057,0.15518048523752445
14.311408763698536,0.22561564590928124,0.3960441133755248,0.15354063495914094
14.316896854403177,0.2265495518183797,0.3972798266727439,0.1518810251366601
14.322384945107817,0.22748345772747816,0.39851553996996303,0.15020166348382472
14.327873035812457,0.22841736363657664,0.39975125326718214,0.14850255876640853
14.333361126517099,0.22935126954567508,0.40098696656440125,0.14678372080321384
14.338849217221739,0.23028517545477356,0.40222267986162036,0.14504516046702395
14.344337307926379,0.23121908136387204,0.40345839315883947,0.1432868896855024
14.34982539863102,0.23215298727297048,0.4046941064560586,0.1415089214420543
14.35531348933566,0.23308689318206893,0.4059298197532777,0.1397112697766414
14.360801580040302,0.2340207990911674,0.4071655330504968,0.13789394978654398
14.366289670744942,0.23495470500026588,0.4084012463477159,0.13605697762708827
14.371777761449582,0.23588861090936433,0.40963695964493496,0.13420037051231637
14.377265852154224,0.23682251681846278,0.4108726729421541,0.1323241467156182
14.382753942858864,0.23775642272756126,0.4121083862393732,0.13042832557031736
14.388242033563504,0.23869032863665973,0.4133440995365923,0.12851292747020368
14.393730124268146,0.23962423454575818,0.4145798128338114,0.12657797387002695
14.399218214972786,0.24055814045485663,0.4158155261310305,0.12462348728594473
14.404706305677427,0.2414920463639551,0.4170512394282496,0.1226494912959153
14.410194396382067,0.24242595227305358,0.41828695272546873,0.1206560105400573
14.415682487086707,0.24335985818215203,0.41952266602268784,0.11864307072095001
14.421170577791349,0.24429376409125048,0.42075837931990695,0.1166106986038964
14.426658668495989,0.24522767000034895,0.42199409261712606,0.11455892201713913
14.203948278955107,0.2919584870476877,0.6129786638362703,0.2504025834831759
14.212850902485776,0.29492931414945983,0.6172341142673302,0.24741489243855475
14.221753526016444,0.297900141251232,0.6214895646983901,0.24432804125941016
14.230656149547114,0.3008709683530042,0.6257450151294501,0.24114185919701245
14.239558773077784,0.30384179545477635,0.63000046556051,0.2378561897130514
14.248461396608453,0.3068126225565485,0.6342559159915699,0.23447089052445935
14.257364020139121,0.30978344965832066,0.6385113664226298,0.23098583364660613
14.266266643669791,0.3127542767600929,0.6427668168536899,0.22740090543484637
14.27516926720046,0.31572510386186503,0.6470222672847498,0.22371600662443214
14.284071890731129,0.3186959309636372,0.6512777177158097,0.2199310523687632
14.292974514261799,0.32166675806540934,0.6555331681468696,0.21604597227597921
14.301877137792468,0.32463758516718155,0.6597886185779296,0.21206071044390062
14.310779761323138,0.3276084122689537,0.6640440690089895,0.20797522549328867
14.319682384853806,0.33057923937072586,0.6682995194400494,0.2037894905994415
14.328585008384476,0.333550066472498,0.6725549698711093,0.19950349352210348
14.337487631915145,0.3365208935742702,0.6768104203021693,0.19511723663370636
14.346390255445813,0.3394917206760424,0.6810658707332292,0.1906307369459121
14.355292878976483,0.34246254777781454,0.6853213211642891,0.1860440261344643
14.364195502507153,0.3454333748795867,0.689576771595349,0.18135715056235796
14.373098126037823,0.34840420198135885,0.693832222026409,0.1765701713012962
14.38200074956849,0.351375029083131,0.6980876724574689,0.17168316415145346
14.39090337309916,0.3543458561849032,0.7023431228885288,0.1666962196595242
14.39980599662983,0.3573166832866754,0.7065985733195888,0.16160944313507597
14.408708620160498,0.36028751038844753,0.7108540237506488,0.15642295466517894
14.417611243691168,0.36325833749021974,0.7151094741817087,0.15113688912731862
14.426513867221837,0.3662291645919919,0.7193649246127686,0.14575139620060365
14.435416490752507,0.36919999169376405,0.7236203750438285,0.14026664037523912
14.444319114283175,0.3721708187955362,0.7278758254748885,0.13468280096028462
14.453221737813845,0.37514164589730836,0.7321312759059484,0.12900007208967898
14.462124361344515,0.3781124729990806,0.7363867263370083,0.12321866272655063
14.471026984875182,0.38108330010085273,0.7406421767680682,0.11733879666578709
14.479929608405852,0.3840541272026249,0.7448976271991281,0.11136071253487206
14.488832231936522,0.38702495430439704,0.7491530776301881,0.1052846637930035
14.497734855467192,0.3899957814061692,0.753408528061248,0.09911091872846312
14.50663747899786,0.3929666085079414,0.7576639784923079,0.09283976045425923
14.51554010252853,0.39593743560971356,0.761919428923368,0.08647148690202389
14.524442726059199,0.3989082627114857,0.7661748793544279,0.08000641081418985
14.533345349589867,0.40187908981325793,0.7704303297854878,0.07344485973441378
14.542247973120537,0.40484991691503003,0.7746857802165477,0.0667871759962636
14.551150596651206,0.40782074401680224,0.7789412306476076,0.0600337167101796
14.560053220181876,0.4107915711185744,0.7831966810786676,0.05318485374868248
14.568955843712544,0.41376239822034655,0.7874521315097275,0.04624097372985281
14.577858467243214,0.41673322532211876,0.7917075819407874,0.039202477999061625
14.586761090773884,0.41970405242389086,0.7959630323718474,0.03206978260897997
14.595663714304552,0.42267487952566307,0.8002184828029073,0.024843318297838424
14.604566337835221,0.4256457066274352,0.8044739332339672,0.01752353046594768
14.613468961365891,0.4286165337292074,0.8087293836650271,0.010110879150501295
14.62237158489656,0.4315873608309796,0.812984834096087,0.0026058389986265973
14.631274208427229,0.43455818793275175,0.8172402845271469,-0.004991100761286449
14.640176831957898,0.4375290150345239,0.8214957349582069,-0.012679436349997408
13.243059056927077,0.42637660925841947,0.608126293634395,0.7411293717623715
13.253011811100222,0.42729984770074797,0.6088221568051156,0.7417344790315773
13.262964565273368,0.4282230861430765,0.6095180199758364,0.742271544329847
13.272917319446513,0.429146324585405,0.6102138831465571,0.7427402916243944
13.28287007361966,0.4300695630277336,0.6109097463172778,0.7431404511338091
13.292822827792806,0.4309928014700621,0.6116056094879986,0.7434717593769038
13.302775581965951,0.4319160399123906,0.6123014726587193,0.7437339592209856
13.312728336139097,0.43283927835471914,0.6129973358294399,0.7439267999295487
13.322681090312242,0.43376251679704764,0.6136931990001607,0.7440500372093741
13.332633844485388,0.43468575523937614,0.6143890621708814,0.7441034332570358
13.342586598658535,0.4356089936817047,0.6150849253416021,0.7440867568048029
13.35253935283168,0.4365322321240332,0.6157807885123229,0.7439997831659344
13.362492107004826,0.43745547056636175,0.6164766516830436,0.7438422942793541
13.372444861177971,0.43837870900869025,0.6171725148537643,0.743614078753706
13.382397615351117,0.43930194745101875,0.617868378024485,0.7433149319107785
13.392350369524262,0.4402251858933473,0.6185642411952057,0.7429446558282937
13.40230312369741,0.4411484243356758,0.6192601043659265,0.7425030593820526
13.412255877870555,0.44207166277800436,0.6199559675366472,0.7419899582874344
13.4222086320437,0.44299490122033286,0.6206518307073678,0.7414051751402362
13.432161386216846,0.44391813966266136,0.6213476938780886,0.7407485394568556
13.442114140389991,0.4448413781049899,0.6220435570488093,0.7400198877138029
13.452066894563137,0.4457646165473184,0.62273942021953,0.7392190633865408
13.462019648736284,0.44668785498964697,0.6234352833902508,0.7383459169876425
13.47197240290943,0.44761109343197547,0.6241311465609715,0.7374003061042671
13.481925157082575,0.44853433187430397,0.6248270097316921,0.7363820954349385
13.49187791125572,0.4494575703166325,0.6255228729024129,0.7352911568256302
13.501830665428866,0.450380808758961,0.6262187360731336,0.7341273693051447
13.511783419602011,0.4513040472012896,0.6269145992438543,0.7328906191197848
13.521736173775158,0.4522272856436181,0.6276104624145751,0.7315807997673072
13.531688927948304,0.4531505240859466,0.6283063255852958,0.7301978120301598
13.54164168212145,0.45407376252827514,0.6290021887560164,0.7287415640079881
13.551594436294595,0.45499700097060364,0.6296980519267372,0.7272119711494122
13.56154719046774,0.45592023941293214,0.6303939150974579,0.7256089562830673
13.571499944640886,0.4568434778552607,0.6310897782681786,0.7239324496479009
13.581452698814033,0.4577667162975892,0.6317856414388994,0.7221823889227212
13.591405452987178,0.45868995473991775,0.63248150460962,0.720358719254997
13.601358207160324,0.45961319318224625,0.6331773677803407,0.7184613932888924
13.61131096133347,0.46053643162457475,0.6338732309510615,0.7164903711925461
13.621263715506615,0.4614596700669033,0.6345690941217822,0.7144456206845782
13.63121646967976,0.4623829085092318,0.635264957292503,0.7123271170598255
13.641169223852907,0.46330614695156036,0.6359608204632237,0.7101348432142998
13.651121978026053,0.46422938539388886,0.6366566836339443,0.7078687896693644
13.661074732199198,0.46515262383621736,0.6373525468046651,0.7055289545951209
13.671027486372344,0.4660758622785459,0.6380484099753858,0.7031153438330082
13.68098024054549,0.4669991007208744,0.6387442731461065,0.7006279709176036
13.690932994718635,0.4679223391632029,0.6394401363168273,0.6980668570976247
13.700885748891782,0.46884557760553147,0.640135999487548,0.6954320313561249
13.710838503064927,0.46976881604785997,0.6408318626582686,0.6927235304298851
13.720791257238073,0.4706920544901885,0.6415277258289894,0.6899413988279847
13.730744011411218,0.471615292932517,0.6422235889997101,0.6870856888495624
15.432534773398753,0.6229677209711764,0.6611330253615346,-0.46679222809836285
15.440003307468338,0.6134206015753363,0.6488285344136122,-0.46326165839491273
15.447471841537924,0.6038734821794962,0.6365240434656899,-0.4595190715581464
15.454940375607508,0.5943263627836561,0.6242195525177675,-0.4555657232063338
15.462408909677093,0.5847792433878161,0.6119150615698452,-0.45140289104008613
15.469877443746677,0.5752321239919759,0.5996105706219228,-0.4470318747121129
15.477345977816263,0.5656850045961358,0.5873060796740004,-0.44245399569519134
15.484814511885848,0.5561378852002957,0.5750015887260781,-0.43767059714833983
15.492283045955432,0.5465907658044556,0.5626970977781557,-0.43268304378122885
15.499751580025018,0.5370436464086156,0.5503926068302334,-0.4274927217168167
15.507220114094602,0.5274965270127755,0.538088115882311,-0.42210103835223045
15.514688648164187,0.5179494076169354,0.5257836249343886,-0.4165094222179167
15.522157182233771,0.5084022882210952,0.5134791339864663,-0.410719322835048
15.529625716303357,0.4988551688252552,0.5011746430385439,-0.4047322105712168
15.537094250372942,0.4893080494294151,0.4888701520906215,-0.39854957649441625
15.544562784442526,0.479760930033575,0.47656566114269916,-0.3921729322253337
15.552031318512112,0.47021381063773493,0.46426117019477675,-0.3856038097879505
15.559499852581697,0.46066669124189485,0.45195667924685445,-0.3788437614584704
15.566968386651281,0.4511195718460548,0.43965218829893205,-0.371894359612595
15.574436920720865,0.44157245245021465,0.4273476973510097,-0.3647571965711425
15.581905454790451,0.43202533305437457,0.41504320640308734,-0.3574338844440355
15.589373988860036,0.4224782136585345,0.40273871545516493,-0.34992605497265994
15.59684252292962,0.41293109426269436,0.3904342245072426,-0.3422353593706227
15.604311056999206,0.4033839748668543,0.3781297335593202,-0.334363468162902
15.61177959106879,0.3938368554710142,0.36582524261139787,-0.32631207102341364
15.619248125138375,0.38428973607517414,0.3535207516634755,-0.3180828766110114
15.62671665920796,0.37474261667933406,0.3412162607155531,-0.30967761240392055
15.634185193277546,0.36519549728349393,0.32891176976763076,-0.3010980245326291
15.64165372734713,0.35564837788765385,0.3166072788197084,-0.2923458776112422
15.649122261416714,0.3461012584918138,0.30430278787178605,-0.28342295456732386
15.6565907954863,0.33655413909597365,0.29199829692386364,-0.27433105647022626
15.664059329555885,0.32700701970013357,0.2796938059759413,-0.2650720023579266
15.67152786362547,0.3174599003042935,0.26738931502801894,-0.2556476290623909
15.678996397695053,0.3079127809084534,0.2550848240800966,-0.24605979103346667
15.68646493176464,0.29836566151261334,0.24278033313217423,-0.23631036016132806
15.693933465834224,0.2888185421167732,0.23047584218425182,-0.2264012255974804
15.701401999903808,0.27927142272093314,0.21817135123632947,-0.21633429357434802
15.708870533973395,0.26972430332509306,0.20586686028840712,-0.20611148722344766
15.716339068042979,0.26017718392925293,0.19356236934048476,-0.19573474639216837
15.723807602112563,0.25063006453341286,0.18125787839256235,-0.18520602745917594
15.731276136182148,0.24108294513757278,0.16895338744464,-0.1745273031484471
15.738744670251734,0.2315358257417327,0.15664889649671765,-0.16370056234195574
15.746213204321318,0.22198870634589263,0.14434440554879524,-0.15272780989102114
15.753681738390902,0.2124415869500525,0.13203991460087294,-0.14161106642633928
15.761150272460489,0.20289446755421242,0.11973542365295053,-0.1303523681667038
15.768618806530073,0.19334734815837235,0.10743093270502824,-0.11895376672643748
15.776087340599657,0.18380022876253221,0.09512644175710583,-0.10741732892154929
15.783555874669242,0.17425310936669214,0.08282195080918342,-0.09574513657462916
15.791024408738828,0.16470598997085206,0.07051745986126112,-0.08393928631849835
15.798492942808412,0.155158870575012,0.058212968913338714,-0.07200188939862812
17.258671358832252,0.09592887539463546,0.0071092651376608584,-0.09605232359997248
17.267813211787406,0.10602859680897489,0.013397029490523345,-0.1061688906108699
17.27695506474256,0.11612831822331432,0.019684793843385832,-0.11616365092916943
17.28609691769771,0.12622803963765375,0.025972558196248316,-0.12603407448957366
17.295238770652862,0.13632776105199318,0.032260322549110806,-0.13577765119781338
17.304380623608015,0.14642748246633258,0.03854808690197329,-0.14539189128126048
17.31352247656317,0.156527203880672,0.044835851254835773,-0.1548743256370296
17.322664329518318,0.16662692529501144,0.051123615607698264,-0.16422250617752818
17.33180618247347,0.17672664670935087,0.05741137996056075,-0.17343400617341406
17.340948035428625,0.1868263681236903,0.06369914431342323,-0.18250642059392247
17.350089888383778,0.19692608953802973,0.06998690866628572,-0.191437366444519
17.35923174133893,0.20702581095236916,0.07627467301914821,-0.20022448310184152
17.36837359429408,0.21712553236670856,0.08256243737201069,-0.20886543264589147
17.377515447249234,0.227225253781048,0.08885020172487318,-0.21735790018943274
17.386657300204387,0.23732497519538742,0.09513796607773567,-0.2256995942045654
17.39579915315954,0.24742469660972685,0.10142573043059815,-0.23388824684642842
17.40494100611469,0.2575244180240663,0.10771349478346064,-0.24192161427399944
17.414082859069843,0.2676241394384057,0.11400125913632313,-0.24979747696794813
17.423224712024997,0.27772386085274514,0.1202890234891856,-0.25751364004551414
17.43236656498015,0.2878235822670846,0.1265767878420481,-0.26506793357236186
17.441508417935303,0.297923303681424,0.13286455219491058,-0.2724582128713837
17.450650270890453,0.3080230250957634,0.13915231654777308,-0.27968235882841175
17.459792123845606,0.31812274651010286,0.14544008090063557,-0.2867382781947994
17.46893397680076,0.32822246792444226,0.15172784525349803,-0.2936239038868464
17.478075829755912,0.33832218933878166,0.15801560960636052,-0.300337195282019
17.487217682711062,0.3484219107531211,0.164303373959223,-0.3068761385119409
17.496359535666215,0.3585216321674605,0.1705911383120855,-0.31323874675211083
17.50550138862137,0.3686213535818,0.176878902664948,-0.3194230605083261
17.514643241576522,0.3787210749961394,0.18316666701781048,-0.32542714789976124
17.52378509453167,0.38882079641047884,0.18945443137067294,-0.3312491049386822
17.532926947486825,0.39892051782481824,0.19574219572353543,-0.33688705580675005
17.542068800441978,0.4090202392391577,0.20202996007639792,-0.3423391531278994
17.55121065339713,0.4191199606534971,0.20831772442926041,-0.34760357823773774
17.560352506352285,0.4292196820678365,0.2146054887821229,-0.35267854144944843
17.569494359307434,0.43931940348217596,0.2208932531349854,-0.357562282316162
17.578636212262587,0.44941912489651537,0.22718101748784789,-0.3622530698897565
17.58777806521774,0.4595188463108548,0.23346878184071035,-0.3667492029760754
17.596919918172894,0.4696185677251942,0.23975654619357284,-0.3710490103865076
17.606061771128044,0.4797182891395337,0.24604431054643533,-0.3751508511859196
17.615203624083197,0.4898180105538731,0.2523320748992978,-0.37905311493689325
17.62434547703835,0.49991773196821254,0.2586198392521603,-0.3827542219402631
17.633487329993503,0.5100174533825519,0.2649076036050228,-0.38625262347189576
17.642629182948657,0.5201171747968913,0.2711953679578853,-0.38954680201570396
17.651771035903806,0.5302168962112308,0.2774831323107478,-0.39263527149286015
17.66091288885896,0.5403166176255703,0.2837708966636103,-0.39551657748717395
17.670054741814113,0.5504163390399097,0.2900586610164727,-0.39818929746663023
17.679196594769266,0.5605160604542491,0.2963464253693352,-0.40065204100102836
17.688338447724416,0.5706157818685885,0.3026341897221977,-0.40290344997572325
17.69748030067957,0.5807155032829279,0.3089219540750602,-0.40494219880142
17.706622153634722,0.5908152246972673,0.31520971842792267,-0.40676699462002663
14.149888364927383,0.38975084106596536,0.9516476312919538,0.37761331763469064
14.160565453845384,0.39849731095732976,0.9453360117160032,0.3762707908509807
14.171242542763386,0.4072437808486941,0.9390243921400525,0.3750157397677524
14.181919631681385,0.4159902507400585,0.9327127725641019,0.3738462727838969
14.192596720599386,0.4247367206314229,0.9264011529881513,0.3727604739116411
14.203273809517388,0.43348319052278733,0.9200895334122006,0.37175640322859677
14.213950898435389,0.4422296604141517,0.91377791383625,0.37083209733416445
14.224627987353388,0.4509761303055161,0.9074662942602993,0.36998556981023745
14.23530507627139,0.4597226001968805,0.9011546746843487,0.36921481168610676
14.24598216518939,0.4684690700882449,0.894843055108398,0.36851779190751455
14.256659254107392,0.47721553997960925,0.8885314355324474,0.3678924578097409
14.267336343025393,0.48596200987097365,0.8822198159564968,0.3673367355946683
14.278013431943393,0.494708479762338,0.8759081963805461,0.3668485308117313
14.288690520861394,0.5034549496537024,0.8695965768045955,0.3664257288426649
14.299367609779395,0.5122014195450668,0.8632849572286448,0.3660661953899864
14.310044698697396,0.5209478894364312,0.8569733376526941,0.36576777696910134
14.320721787615396,0.5296943593277956,0.8506617180767435,0.36552830140396875
14.331398876533397,0.53844082921916,0.8443500985007929,0.365345578326226
14.342075965451398,0.5471872991105244,0.8380384789248423,0.36521739967771094
14.3527530543694,0.5559337690018887,0.8317268593488916,0.36514154021626305
14.363430143287399,0.5646802388932531,0.825415239772941,0.3651157580247443
14.3741072322054,0.5734267087846175,0.8191036201969903,0.3651377950231715
14.384784321123401,0.582173178675982,0.8127920006210396,0.3652053774838999
14.395461410041403,0.5909196485673464,0.806480381045089,0.3653162165497358
14.406138498959404,0.5996661184587107,0.8001687614691384,0.3654680087549156
14.416815587877403,0.6084125883500751,0.7938571418931877,0.36565843654885377
14.427492676795405,0.6171590582414395,0.7875455223172371,0.36588516882256006
14.438169765713406,0.6259055281328039,0.7812339027412865,0.3661458614376646
14.448846854631407,0.6346519980241683,0.7749222831653357,0.36643815775792354
14.459523943549407,0.6433984679155327,0.7686106635893851,0.36675968918314406
14.470201032467408,0.6521449378068971,0.7622990440134345,0.36710807568541515
14.480878121385409,0.6608914076982615,0.7559874244374838,0.3674809263475823
14.49155521030341,0.6696378775896259,0.7496758048615332,0.36787583990383715
14.502232299221411,0.6783843474809903,0.7433641852855826,0.36829040528235923
14.512909388139411,0.6871308173723546,0.737052565709632,0.368722202149905
14.523586477057412,0.695877287263719,0.7307409461336812,0.3691688014582457
14.534263565975413,0.7046237571550834,0.7244293265577306,0.3696277659923845
14.544940654893415,0.7133702270464478,0.71811770698178,0.3700966509204266
14.555617743811414,0.7221166969378121,0.7118060874058294,0.370573004345036
14.566294832729415,0.7308631668291765,0.7054944678298787,0.37105436785636325
14.576971921647417,0.7396096367205409,0.6991828482539281,0.37153827708637793
14.587649010565418,0.7483561066119053,0.6928712286779775,0.3720222622644788
14.598326099483419,0.7571025765032697,0.6865596091020267,0.3725038487743089
14.609003188401418,0.7658490463946341,0.6802479895260761,0.3729805577116769
14.61968027731942,0.7745955162859985,0.6739363699501255,0.37344990644347703
14.630357366237421,0.783341986177363,0.6676247503741748,0.3739094091675404
14.641034455155422,0.7920884560687274,0.6613131307982242,0.3743565774732871
14.651711544073422,0.8008349259600918,0.6550015112222736,0.37478892090311117
14.662388632991423,0.809581395851456,0.6486898916463228,0.37520394751438335
14.673065721909424,0.8183278657428205,0.6423782720703722,0.3755991644420004
16.657413721418735,0.7966026461278286,0.6123726681506427,-1.0041947103666586
16.666834506583648,0.7884603389987804,0.6186129259444928,-1.0007478913772496
16.67625529174856,0.7803180318697321,0.6248531837383429,-0.9970278891893447
16.685676076913474,0.772175724740684,0.6310934415321929,-0.9930355888548714
16.695096862078387,0.7640334176116357,0.637333699326043,-0.9887719159057229
16.704517647243303,0.7558911104825875,0.6435739571198931,-0.9842378362209216
16.713938432408217,0.7477488033535393,0.6498142149137431,-0.9794343558887579
16.72335921757313,0.739606496224491,0.6560544727075932,-0.9743625210639214
16.732780002738043,0.7314641890954429,0.6622947305014433,-0.969023417819643
16.742200787902956,0.7233218819663947,0.6685349882952933,-0.9634181719948648
16.75162157306787,0.7151795748373464,0.6747752460891434,-0.9575479490364569
16.761042358232782,0.7070372677082982,0.6810155038829935,-0.9514139538364998
16.770463143397695,0.69889496057925,0.6872557616768435,-0.9450174305646526
16.77988392856261,0.6907526534502018,0.6934960194706936,-0.9383596624956259
16.789304713727525,0.6826103463211536,0.6997362772645437,-0.9314419718317859
16.798725498892438,0.6744680391921053,0.7059765350583938,-0.9242657195208979
16.80814628405735,0.6663257320630571,0.7122167928522438,-0.9168323050690486
16.817567069222264,0.6581834249340088,0.7184570506460939,-0.9091431663487556
16.826987854387177,0.6500411178049607,0.724697308439944,-0.9011997794022947
16.83640863955209,0.6418988106759125,0.730937566233794,-0.893003658240265
16.845829424717003,0.6337565035468642,0.7371778240276441,-0.8845563546354178
16.85525020988192,0.625614196417816,0.7434180818214942,-0.8758594579117722
16.864670995046833,0.6174718892887678,0.7496583396153442,-0.8669145947290504
16.874091780211746,0.6093295821597196,0.7558985974091943,-0.8577234288624378
16.88351256537666,0.6011872750306714,0.7621388552030444,-0.8482876609777225
16.892933350541572,0.5930449679016232,0.7683791129968944,-0.8386090284018188
16.902354135706485,0.5849026607725749,0.7746193707907445,-0.828689304888714
16.911774920871398,0.5767603536435267,0.7808596285845945,-0.8185303003808582
16.92119570603631,0.5686180465144786,0.7870998863784445,-0.8081338607660334
16.930616491201228,0.5604757393854303,0.7933401441722946,-0.7975018676297226
16.94003727636614,0.5523334322563821,0.7995804019661447,-0.7866362380030244
16.949458061531054,0.5441911251273339,0.8058206597599947,-0.7755389241061093
16.958878846695967,0.5360488179982856,0.8120609175538448,-0.7642119130872921
16.96829963186088,0.5279065108692373,0.8183011753476949,-0.7526572267577192
16.977720417025793,0.5197642037401892,0.8245414331415449,-0.740876921321713
16.987141202190706,0.511621896611141,0.830781690935395,-0.728873087102806
16.99656198735562,0.5034795894820927,0.8370219487292451,-0.7166478482654955
17.005982772520536,0.49533728235304453,0.8432622065230951,-0.7042033625327506
17.01540355768545,0.48719497522399635,0.8495024643169452,-0.6915418208993166
17.024824342850362,0.4790526680949481,0.8557427221107953,-0.6786654473408179
17.034245128015275,0.4709103609658999,0.8619829799046453,-0.6655764985187408
17.043665913180188,0.46276805383685166,0.8682232376984954,-0.6522772634812933
17.0530866983451,0.4546257467078034,0.8744634954923455,-0.6387700633601943
17.062507483510014,0.44648343957875525,0.8807037532861955,-0.6250572510634232
17.071928268674927,0.438341132449707,0.8869440110800456,-0.6111412109639687
17.081349053839844,0.4301988253206588,0.8931842688738957,-0.5970243585846067
17.090769839004757,0.4220565181916106,0.8994245266677457,-0.5827091402787679
17.10019062416967,0.4139142110625624,0.9056647844615958,-0.5681980329074818
17.109611409334583,0.40577190393351414,0.9119050422554459,-0.5534935435125004
17.119032194499496,0.39762959680446597,0.918145300049296,-0.5385982089855907
13.852123831085677,0.5737522972198256,0.9428158443820184,0.8157198278752842
13.858301185106962,0.5810207462348541,0.9427935478575366,0.8180933552060096
13.864478539128246,0.5882891952498828,0.9427712513330547,0.8204606478164704
13.87065589314953,0.5955576442649113,0.942748954808573,0.8228210820765054
13.876833247170815,0.60282609327994,0.9427266582840912,0.8251740336846605
13.883010601192101,0.6100945422949685,0.9427043617596094,0.8275188777123959
13.889187955213385,0.6173629913099971,0.9426820652351275,0.8298549886483596
13.89536530923467,0.6246314403250257,0.9426597687106458,0.832181740442703
13.901542663255954,0.6318998893400543,0.942637472186164,0.8344985065514643
13.907720017277239,0.6391683383550828,0.9426151756616822,0.8368046599809966
13.913897371298523,0.6464367873701115,0.9425928791372004,0.8390995733324458
13.920074725319807,0.65370523638514,0.9425705826127185,0.8413826188462745
13.926252079341092,0.6609736854001687,0.9425482860882368,0.8436531684468314
13.932429433362378,0.6682421344151972,0.942525989563755,0.8459105937869583
13.938606787383662,0.6755105834302257,0.9425036930392732,0.8481542662926463
13.944784141404947,0.6827790324452544,0.9424813965147913,0.8503835572077103
13.950961495426231,0.6900474814602829,0.9424590999903096,0.8525978376385149
13.957138849447515,0.6973159304753116,0.9424368034658278,0.8547964785987237
13.9633162034688,0.7045843794903401,0.942414506941346,0.8569788510540768
13.969493557490084,0.7118528285053687,0.9423922104168642,0.8591443259671997
13.975670911511369,0.7191212775203973,0.9423699138923823,0.86129227434243
13.981848265532655,0.7263897265354259,0.9423476173679006,0.8634220672706693
13.98802561955394,0.7336581755504545,0.9423253208434188,0.865533075974257
13.994202973575224,0.7409266245654831,0.942303024318937,0.8676246718518505
14.000380327596508,0.7481950735805116,0.9422807277944552,0.8696962265233293
14.006557681617792,0.7554635225955403,0.9422584312699734,0.871747111874707
14.012735035639077,0.7627319716105688,0.9422361347454916,0.8737767001030496
14.018912389660361,0.7700004206255975,0.9422138382210098,0.8757843637614057
14.025089743681646,0.777268869640626,0.942191541696528,0.8777694758037341
14.031267097702932,0.7845373186556546,0.9421692451720463,0.8797314096298372
14.037444451724216,0.7918057676706832,0.9421469486475644,0.8816695391302958
14.0436218057455,0.7990742166857118,0.9421246521230826,0.8835832387313887
14.049799159766785,0.8063426657007404,0.9421023555986008,0.8854718834400193
14.05597651378807,0.813611114715769,0.942080059074119,0.8873348488886265
14.062153867809354,0.8208795637307975,0.9420577625496372,0.8891715113800854
14.068331221830638,0.8281480127458261,0.9420354660251554,0.8909812479325956
14.074508575851922,0.8354164617608547,0.9420131695006736,0.8927634363245508
14.080685929873209,0.8426849107758834,0.9419908729761918,0.8945174551393903
14.086863283894493,0.8499533597909119,0.9419685764517101,0.8962426838104358
14.093040637915777,0.8572218088059405,0.9419462799272282,0.8979385026656893
14.099217991937062,0.864490257820969,0.9419239834027464,0.8996042929726198
14.105395345958346,0.8717587068359977,0.9419016868782646,0.9012394369829136
14.11157269997963,0.8790271558510263,0.9418793903537828,0.9028433179771944
14.117750054000915,0.8862956048660549,0.941857093829301,0.9044153203097101
14.1239274080222,0.8935640538810834,0.9418347973048192,0.9059548294529826
14.130104762043484,0.9008325028961119,0.9418125007803374,0.9074612320424197
14.13628211606477,0.9081009519111406,0.9417902042558556,0.908933915920882
14.142459470086054,0.9153694009261693,0.9417679077313739,0.9103722701832163
14.148636824107339,0.9226378499411978,0.941745611206892,0.9117756852207243
14.154814178128623,0.9299062989562263,0.9417233146824102,0.9131435527655996
18.830244422678422,0.7600186006363846,0.3709918633785342,0.35624650169856403
18.83613497980558,0.7471470313012522,0.38146866463545875,0.3714071940132651
18.842025536932734,0.7342754619661197,0.3919454658923833,0.3864050286026857
18.84791609405989,0.7214038926309873,0.40242226714930796,0.401238748689496
